,,,,,,,,,,,,,,,,
CODIGO,DISTRITO,DEPARTAMENTO,MUNICIPIO,ESTABLECIMIENTO,DIRECCION,TELEFONO,SUPERVISOR,DIRECTOR,NIVEL,SECTOR,AREA,STATUS,MODALIDAD,JORNADA,PLAN,DEPARTAMENTAL
14-01-0077-46,14-001,QUICHE,SANTA CRUZ DEL QUICHE,INSTITUTO ADOLFO V HALL,"KILOMETRO 161 ENTRADA A SANTA CRUZ DEL QUICHE, ANTIGUA ZONA MILITAR",77551548,JOSE OSCAR TIPAZ VELASQUEZ,JOSɠLISANDRO DONIS MUяZ,DIVERSIFICADO,OFICIAL,URBANA,ABIERTA,MONOLINGUE,MATUTINA,DIARIO(REGULAR),QUICHɼ/td>
14-01-0079-46,14-036,QUICHE,SANTA CRUZ DEL QUICHE,COLEGIO EVANGELICO METODISTA UTATLAN,"4A CALLE Y 6A-12, ZONA 5",77551551,GONZALO VENTURA LUX,LUIS HUMBERTO ECHEVERŔ GIL,DIVERSIFICADO,PRIVADO,URBANA,ABIERTA,MONOLINGUE,DOBLE,DIARIO(REGULAR),QUICHɼ/td>
14-01-0080-46,14-036,QUICHE,SANTA CRUZ DEL QUICHE,LICEO MIXTO 'QUICHE',2AV. 6-27 ZONA 5,77551705,GONZALO VENTURA LUX,,DIVERSIFICADO,PRIVADO,URBANA,CERRADA TEMPORALMENTE,MONOLINGUE,NOCTURNA,DIARIO(REGULAR),QUICHɼ/td>
14-01-0085-46,14-001,QUICHE,SANTA CRUZ DEL QUICHE,INSTITUTO NORMAL MIXTO JUAN DE LEON,12 CALLE 0-36 ZONA 5,77553814,JOSE OSCAR TIPAZ VELASQUEZ,MIRIAM MARCELINA ALVAREZ GRIJALVA,DIVERSIFICADO,OFICIAL,URBANA,ABIERTA,MONOLINGUE,VESPERTINA,DIARIO(REGULAR),QUICHɼ/td>
14-01-0090-46,14-036,QUICHE,SANTA CRUZ DEL QUICHE,"COLEGIO MIXTO BILINGUE INTERCULTURAL ""QIJ""",11A. CALLE 06-03 ZONA 1,77550476,GONZALO VENTURA LUX,FEDERICO HERNNDEZ ZAPETA,DIVERSIFICADO,PRIVADO,URBANA,ABIERTA,BILINGUE,DOBLE,FIN DE SEMANA,QUICHɼ/td>
14-01-0108-46,14-036,QUICHE,SANTA CRUZ DEL QUICHE,COLEGIO TECNICO AVANZADO,4A. AVENIDA 20-174 ZONA 4,77554695,GONZALO VENTURA LUX,JACQUELINE ARGENTINA SOLARES MɎDEZ,DIVERSIFICADO,PRIVADO,URBANA,ABIERTA,MONOLINGUE,MATUTINA,DIARIO(REGULAR),QUICHɼ/td>
14-01-0110-46,14-036,QUICHE,SANTA CRUZ DEL QUICHE,LICEO TECNOLOGICO DE OCCIDENTE LA PREPARATORIA,9A. AVENIDA ENTRE 4A. Y 5A. CALLE ZONA 2,77563645,GONZALO VENTURA LUX,GREYSI JESړ CABRERA,DIVERSIFICADO,PRIVADO,URBANA,ABIERTA,MONOLINGUE,DOBLE,FIN DE SEMANA,QUICHɼ/td>
14-01-0112-46,14-001,QUICHE,SANTA CRUZ DEL QUICHE,INSTITUTO NACIONAL DE EDUCACION DIVERSIFICADA,"20 CALLE FINAL ZONA 4, COLONIA LOS CELAJES",77554630,JOSE OSCAR TIPAZ VELASQUEZ,JUSTO RUFINO PEREIRA GONZLEZ,DIVERSIFICADO,OFICIAL,URBANA,ABIERTA,MONOLINGUE,VESPERTINA,DIARIO(REGULAR),QUICHɼ/td>
14-01-0115-46,14-001,QUICHE,SANTA CRUZ DEL QUICHE,INSTITUTO NORMAL MIXTO JUAN DE LEON,12 CALLE 0-36 ZONA 5,77656620,JOSE OSCAR TIPAZ VELASQUEZ,JORGE HUMBERTO MOTTA CANO,DIVERSIFICADO,OFICIAL,URBANA,ABIERTA,MONOLINGUE,MATUTINA,DIARIO(REGULAR),QUICHɼ/td>
14-01-0163-46,14-036,QUICHE,SANTA CRUZ DEL QUICHE,"COLEGIO EVANGELICO METODISTA ""JOHN WESLEY""",6TA. AVENIDA 00-002 DE LA ZONA 1,77563692,GONZALO VENTURA LUX,KARIN ROSALVA SOLӒZANO PAR,DIVERSIFICADO,PRIVADO,URBANA,ABIERTA,MONOLINGUE,VESPERTINA,DIARIO(REGULAR),QUICHɼ/td>
14-01-0166-46,14-036,QUICHE,SANTA CRUZ DEL QUICHE,LICEO MIXTO QUICHE,2A. AVENIDA 6-27 ZONA 5,77551705,GONZALO VENTURA LUX,PEM. SILVIA EMILIANA BARRIOS BARRIOS,DIVERSIFICADO,PRIVADO,URBANA,ABIERTA,MONOLINGUE,MATUTINA,DIARIO(REGULAR),QUICHɼ/td>
14-01-0167-46,14-036,QUICHE,SANTA CRUZ DEL QUICHE,COLEGIO MULTIEDUCATIVO LA REFORMA,"3A. AVENIDA 4-35, ZONA 1",77563633,GONZALO VENTURA LUX,CARLOS ROBERTO ARRIAGA DEL VALLE,DIVERSIFICADO,PRIVADO,URBANA,ABIERTA,MONOLINGUE,DOBLE,FIN DE SEMANA,QUICHɼ/td>
14-01-0181-46,14-036,QUICHE,SANTA CRUZ DEL QUICHE,INSTITUTO PRIVADO MIXTO CIENCIA Y CULTURA,"1A. CALLE 13-41, ZONA 2",77563487,GONZALO VENTURA LUX,IBERTO DE LEӎ ORELLANA,DIVERSIFICADO,PRIVADO,URBANA,ABIERTA,MONOLINGUE,DOBLE,FIN DE SEMANA,QUICHɼ/td>
14-01-0183-46,14-036,QUICHE,SANTA CRUZ DEL QUICHE,COLEGIO CIENTIFICO INTEGRAL EINSTEIN,"14 AVENIDA 2-38, ZONA 3",49854279,GONZALO VENTURA LUX,LEONARDO TULUXN TIя,DIVERSIFICADO,PRIVADO,URBANA,ABIERTA,MONOLINGUE,VESPERTINA,DIARIO(REGULAR),QUICHɼ/td>
14-01-0186-46,14-036,QUICHE,SANTA CRUZ DEL QUICHE,COLEGIO MIXTO BILINGUE INTERCULTURAL Q IJ,11 CALLE 6-03 ZONA 1,77550476,GONZALO VENTURA LUX,FEDERICO HERNNDEZ ZAPETA,DIVERSIFICADO,PRIVADO,URBANA,ABIERTA,MONOLINGUE,DOBLE,FIN DE SEMANA,QUICHɼ/td>
14-01-0189-46,14-036,QUICHE,SANTA CRUZ DEL QUICHE,COLEGIO MIXTO BILINGUE INTERCULTURAL Q IJ,11 CALLE 6-03 ZONA 1,77550476,GONZALO VENTURA LUX,FEDERICO HERNNDEZ ZAPETA,DIVERSIFICADO,PRIVADO,URBANA,ABIERTA,BILINGUE,DOBLE,A DISTANCIA,QUICHɼ/td>
14-01-0193-46,14-036,QUICHE,SANTA CRUZ DEL QUICHE,LICEO TECNOLOGICO DE OCCIDENTE LA PREPARATORIA,"4A. CALLE Y 9A. AVENIDA, ZONA 2",77563645,GONZALO VENTURA LUX,DINA GUADALUPE VILLATORO LOARCA,DIVERSIFICADO,PRIVADO,URBANA,CERRADA TEMPORALMENTE,MONOLINGUE,DOBLE,DIARIO(REGULAR),QUICHɼ/td>
14-01-0195-46,14-036,QUICHE,SANTA CRUZ DEL QUICHE,COLEGIO NUESTRA SEяRA DEL ROSARIO,SANTA CRUZ DEL QUICHE,77552429,GONZALO VENTURA LUX,AGUSTINA IRMA CAMACHO REYNA,DIVERSIFICADO,PRIVADO,URBANA,CERRADA TEMPORALMENTE,BILINGUE,MATUTINA,DIARIO(REGULAR),QUICHɼ/td>
14-01-0199-46,14-036,QUICHE,SANTA CRUZ DEL QUICHE,COLEGIO NUESTRA SEяRA DEL ROSARIO,SANTA CRUZ DEL QUICHE,77552429,GONZALO VENTURA LUX,ESPERANZA SNCHEZ CORTɚ,DIVERSIFICADO,PRIVADO,URBANA,ABIERTA,MONOLINGUE,MATUTINA,DIARIO(REGULAR),QUICHɼ/td>
14-01-0210-46,14-036,QUICHE,SANTA CRUZ DEL QUICHE,"COLEGIO EJECUTIVO PRE-UNIVERSITARIO EN COMPUTACIӎ ""CLASSE""",0 AV. 8-24 A ZONA 6,77563714,GONZALO VENTURA LUX,ERVIN WALDEMAR VELSQUEZ BATEN,DIVERSIFICADO,PRIVADO,URBANA,CERRADA TEMPORALMENTE,MONOLINGUE,DOBLE,FIN DE SEMANA,QUICHɼ/td>
14-01-0227-46,14-036,QUICHE,SANTA CRUZ DEL QUICHE,"LICEO TECNOLӇICO DE OCCIDENTE LA ""PREPARATORIA""",9A. AVENIDA 4-65 ZONA 2,77563645,GONZALO VENTURA LUX,GREYSI JESړ CABRERA,DIVERSIFICADO,PRIVADO,URBANA,ABIERTA,MONOLINGUE,DOBLE,FIN DE SEMANA,QUICHɼ/td>
14-01-0230-46,14-036,QUICHE,SANTA CRUZ DEL QUICHE,COLEGIO SAN FRANCISCO JAVIER DE QUICHɼ/td>,KILOMETRO 166.9 ALDEA EL CARMEN CHITATUL,79638520,GONZALO VENTURA LUX,GLENDA FAVIOLA VICENTE ZAPETA,DIVERSIFICADO,PRIVADO,RURAL,ABIERTA,MONOLINGUE,MATUTINA,DIARIO(REGULAR),QUICHɼ/td>
14-01-0231-46,14-001,QUICHE,SANTA CRUZ DEL QUICHE,ESCUELA NORMAL BILING܅ INTERCULTURAL K ICHE TIJOB Č UTܘ MAYAB WINđ OXLAJUJ TZ I,"CASERIO BUENA VISTA, XATINAP V",77563721,JOSE OSCAR TIPAZ VELASQUEZ,FRANCISCO TZOC MEJ́,DIVERSIFICADO,OFICIAL,RURAL,ABIERTA,BILINGUE,MATUTINA,DIARIO(REGULAR),QUICHɼ/td>
14-01-0235-46,14-036,QUICHE,SANTA CRUZ DEL QUICHE,LICEO TECNOLӇICO DE OCCIDENTE LA PREPARATORIA,"9A. AVENIDA 4-56, ZONA 2",77563645,GONZALO VENTURA LUX,GREYSI JESړ CABRERA,DIVERSIFICADO,PRIVADO,URBANA,ABIERTA,MONOLINGUE,DOBLE,DIARIO(REGULAR),QUICHɼ/td>
14-01-0236-46,14-001,QUICHE,SANTA CRUZ DEL QUICHE,INSTITUTO TɃNICO DE NIVEL MEDIO,"20 CALLE FINAL DE LA ZONA CUATRO, COLONIA LOS CELAJES",46547266,JOSE OSCAR TIPAZ VELASQUEZ,MAŔ ODILIA RAM͒EZ VENTURA,DIVERSIFICADO,OFICIAL,URBANA,ABIERTA,MONOLINGUE,DOBLE,DIARIO(REGULAR),QUICHɼ/td>
14-01-0242-46,14-036,QUICHE,SANTA CRUZ DEL QUICHE,"INSTITUTO PRIVADO MIXTO ""CIENCIA Y CULTURA""","1A. CALLE 13-41, ZONA 2",77563487,GONZALO VENTURA LUX,IBERTO DE LEӎ ORELLANA,DIVERSIFICADO,PRIVADO,URBANA,CERRADA TEMPORALMENTE,MONOLINGUE,DOBLE,FIN DE SEMANA,QUICHɼ/td>
14-01-0247-46,14-036,QUICHE,SANTA CRUZ DEL QUICHE,"LICEO TECNOLӇICO ""LA PREPARATORIA""",9A. AV. 4-65 ZONA 2,77563645,GONZALO VENTURA LUX,LEIVI MARIL͠MORALES GӍEZ,DIVERSIFICADO,PRIVADO,URBANA,ABIERTA,MONOLINGUE,MATUTINA,DIARIO(REGULAR),QUICHɼ/td>
14-01-0249-46,14-036,QUICHE,SANTA CRUZ DEL QUICHE,INSTITUTO PRIVADO TɃNICO INDUSTRIAL QUICHɼ/td>,"2A. AVENIDA ""A"" 14-224, ZONA 2",77563722,GONZALO VENTURA LUX,MARIO EDWIN MALDONADO FUENTES,DIVERSIFICADO,PRIVADO,URBANA,ABIERTA,MONOLINGUE,DOBLE,DIARIO(REGULAR),QUICHɼ/td>
14-01-0255-46,14-036,QUICHE,SANTA CRUZ DEL QUICHE,"INSTITUTO PRIVADO TɃNICO INDUSTRIAL ""QUICHɢ","2A. AVENIDA ""A"" 14-224, ZONA 2",77563722,GONZALO VENTURA LUX,MARIO EDWIN MALDONADO FUENTES,DIVERSIFICADO,PRIVADO,URBANA,ABIERTA,MONOLINGUE,DOBLE,FIN DE SEMANA,QUICHɼ/td>
14-01-0257-46,14-037,QUICHE,SANTA CRUZ DEL QUICHE,CENTRO DE EDUCACIӎ EXTRAESCOLAR -CEEX-,"10A. AVENIDA Y 3A, CALLE ZONA 3",44988120,ANGELINA LUX MENDOZA DE PUAC,KEVIN RONAL MEDRANO LAINES,DIVERSIFICADO,OFICIAL,URBANA,ABIERTA,MONOLINGUE,VESPERTINA,DIARIO(REGULAR),QUICHɼ/td>
14-01-0259-46,14-036,QUICHE,SANTA CRUZ DEL QUICHE,"COLEGIO EJECUTIVO PRE-UNIVERSITARIO EN COMPUTACIӎ ""CLASSE""","0 AVENIDA 8-24 ""A"", ZONA 6",77563714,GONZALO VENTURA LUX,CARLOS ALFONSO HERRERA LUIS,DIVERSIFICADO,PRIVADO,URBANA,CERRADA TEMPORALMENTE,MONOLINGUE,MATUTINA,DIARIO(REGULAR),QUICHɼ/td>
14-01-0265-46,14-037,QUICHE,SANTA CRUZ DEL QUICHE,PROGRAMA NACIONA DE EDUCACIӎ ALTERNATIVA -PRONEA-,"2A. AV. 1-4 ZONA 1, QUICHɼ/td>",59995997,ANGELINA LUX MENDOZA DE PUAC,ELMER CECILIO RAMOS LӐEZ,DIVERSIFICADO,OFICIAL,RURAL,ABIERTA,MONOLINGUE,DOBLE,A DISTANCIA,QUICHɼ/td>
14-01-0267-46,14-036,QUICHE,SANTA CRUZ DEL QUICHE,"COLEGIO VIRTUAL ""QUICHɢ",11 CALLE 11-209 ZONA 4,40086988,GONZALO VENTURA LUX,JUAN JOSɠDE LEӎ LARIOS,DIVERSIFICADO,PRIVADO,URBANA,ABIERTA,MONOLINGUE,VESPERTINA,VIRTUAL A DISTANCIA,QUICHɼ/td>
14-01-0269-46,14-036,QUICHE,SANTA CRUZ DEL QUICHE,"INSTITUTO PRIVADO MIXTO ""CIENCIA Y CULTURA""",1A. CALLE 13-41 ZONA 2,77563487,GONZALO VENTURA LUX,IBERTO DE LEӎ ORELLANA,DIVERSIFICADO,PRIVADO,URBANA,ABIERTA,MONOLINGUE,SIN JORNADA,SEMIPRESENCIAL (FIN DE SEMANA),QUICHɼ/td>
14-01-0270-46,14-037,QUICHE,SANTA CRUZ DEL QUICHE,"CENTRO OFICIAL DE EDUCACIӎ EXTRAESCOLAR ""HUNAJPڠXBALANQUɭ COEEX-",CENTRO DE DETENCIӎ PREVENTIVA PARA HOMBRES,40178152,ANGELINA LUX MENDOZA DE PUAC,GABRIEL MAQU͎ YAT,DIVERSIFICADO,OFICIAL,URBANA,ABIERTA,MONOLINGUE,MATUTINA,SEMIPRESENCIAL,QUICHɼ/td>
14-01-0271-46,14-037,QUICHE,SANTA CRUZ DEL QUICHE,CENTRO OFICIAL DE EDUCACIӎ EXTRAESCOLAR -CEEX-,CANTӎ PACHӬ ALDEA LEMӁ,59655416,ANGELINA LUX MENDOZA DE PUAC,JUAN CARLOS CHACAJ TOя,DIVERSIFICADO,OFICIAL,RURAL,ABIERTA,BILINGUE,VESPERTINA,FIN DE SEMANA,QUICHɼ/td>
14-01-0273-46,14-036,QUICHE,SANTA CRUZ DEL QUICHE,LICEO MIXTO QUICHɼ/td>,"2DA. AVENIDA 6-27, ZONA 5",77551705,GONZALO VENTURA LUX,PEM. SILVIA EMILIANA BARRIOS BARRIOS,DIVERSIFICADO,PRIVADO,URBANA,ABIERTA,MONOLINGUE,SIN JORNADA,SEMIPRESENCIAL (FIN DE SEMANA),QUICHɼ/td>
14-01-0275-46,14-036,QUICHE,SANTA CRUZ DEL QUICHE,"COLEGIO EJECUTIVO PREUNIVERSITARIO ""CLASSE""","8A. CALLE ""A"" 0-98, ZONA 6",77563714,GONZALO VENTURA LUX,ERVIN WALDEMAR VELSQUEZ BATEN,DIVERSIFICADO,PRIVADO,URBANA,ABIERTA,MONOLINGUE,SIN JORNADA,SEMIPRESENCIAL (FIN DE SEMANA),QUICHɼ/td>
14-01-0276-46,14-036,QUICHE,SANTA CRUZ DEL QUICHE,COLEGIO DE FORMACIӎ INTEGRAL DISC͐ULOS DE JESړ,"MANZANA A, LOTES 5 Y 6 BOSQUES DE VILLA VALERIA, ZONA 3",77552313,GONZALO VENTURA LUX,THELMA KARINA QUIѓNEZ RODAS DE RODR͇UEZ,DIVERSIFICADO,PRIVADO,URBANA,ABIERTA,MONOLINGUE,MATUTINA,DIARIO(REGULAR),QUICHɼ/td>
14-01-0278-46,14-037,QUICHE,SANTA CRUZ DEL QUICHE,CENTRO DE EDUCACIӎ EXTRAESCOLAR -CEEX- DEPARTAMENTAL,"2A. AVENIDA 1-04, ZONA 1",31174739,ANGELINA LUX MENDOZA DE PUAC,JOEL NEHEMIAS NIX CHAN,DIVERSIFICADO,OFICIAL,URBANA,ABIERTA,MONOLINGUE,DOBLE,SEMIPRESENCIAL,QUICHɼ/td>
14-01-0279-46,14-036,QUICHE,SANTA CRUZ DEL QUICHE,INSTITUTO PRIVADO TɃNICO INDUSTRIAL QUICHɼ/td>,"2A. AVENIDA 14-224, ZONA 2",77563722,GONZALO VENTURA LUX,MARIO EDWIN MALDONADO FUENTES,DIVERSIFICADO,PRIVADO,URBANA,ABIERTA,MONOLINGUE,SIN JORNADA,SEMIPRESENCIAL (FIN DE SEMANA),QUICHɼ/td>
14-01-0287-46,14-036,QUICHE,SANTA CRUZ DEL QUICHE,COLEGIO IDEA VIRTUAL,4A. AVENIDA 13-29 ZONA 2,56175661,GONZALO VENTURA LUX,RENɠFERNANDO HERNNDEZ GONZLEZ,DIVERSIFICADO,PRIVADO,URBANA,ABIERTA,MONOLINGUE,MATUTINA,VIRTUAL A DISTANCIA,QUICHɼ/td>
14-01-0288-46,14-036,QUICHE,SANTA CRUZ DEL QUICHE,"COLEGIO MULTIEDUCATIVO ""LA REFORMA""",16 CALLE 7-34 ZONA 4,77563633,GONZALO VENTURA LUX,CARLOS ROBERTO ARRIAGA DEL VALLE,DIVERSIFICADO,PRIVADO,URBANA,ABIERTA,MONOLINGUE,DOBLE,DIARIO(REGULAR),QUICHɼ/td>
14-01-1137-46,14-036,QUICHE,SANTA CRUZ DEL QUICHE,INSTITUTO PRIVADO MIXTO CIENCIA Y CULTURA,"1A. CALLE 13-41, ZONA 2",77563487,GONZALO VENTURA LUX,IBERTO DE LEӎ ORELLANA,DIVERSIFICADO,PRIVADO,URBANA,ABIERTA,MONOLINGUE,DOBLE,FIN DE SEMANA,QUICHɼ/td>
14-01-3544-46,14-036,QUICHE,SANTA CRUZ DEL QUICHE,INSTITUTO PRIVADO TECNICO INDUSTRIAL QUICHE,"2A. AVENIDA ""A"" 14-224 ZONA 2",77563722,GONZALO VENTURA LUX,MARIO EDWIN MALDONADO FUENTES,DIVERSIFICADO,PRIVADO,URBANA,ABIERTA,MONOLINGUE,VESPERTINA,DIARIO(REGULAR),QUICHɼ/td>
14-01-3848-46,14-036,QUICHE,SANTA CRUZ DEL QUICHE,LICEO CRISTIANO SINAI,"CASA FINAL, COLONIA GUMARCAAJ",77551805,GONZALO VENTURA LUX,,DIVERSIFICADO,PRIVADO,URBANA,CERRADA TEMPORALMENTE,MONOLINGUE,VESPERTINA,DIARIO(REGULAR),QUICHɼ/td>
14-01-4550-46,14-036,QUICHE,SANTA CRUZ DEL QUICHE,LICEO MIXTO 'QUICHE',2AV. 6-27 ZONA 5,77551705,GONZALO VENTURA LUX,PEM. DAVID ARTURO MOGOLLӎ ARɖALO,DIVERSIFICADO,PRIVADO,URBANA,CERRADA TEMPORALMENTE,MONOLINGUE,DOBLE,DIARIO(REGULAR),QUICHɼ/td>
14-01-4555-46,14-036,QUICHE,SANTA CRUZ DEL QUICHE,COLEGIO EJECUTIVO PRE-UNIVERSITARIO EN COMPUTACION CLASSE,"8A. CALLE ""A"" 0-98, ZONA 6",77563714,GONZALO VENTURA LUX,CARLOS ALFONSO HERRERA LUIS,DIVERSIFICADO,PRIVADO,URBANA,ABIERTA,MONOLINGUE,VESPERTINA,DIARIO(REGULAR),QUICHɼ/td>
14-01-4970-46,25-000,QUICHE,SANTA CRUZ DEL QUICHE,INSTITUTO GUATEMALTECOD DE EDUCACION RADIOFONICA (IGER),SANTA CRUZ DEL QUICHE,,SONIA HAYDEE REYES MONTERROSO,,DIVERSIFICADO,PRIVADO,URBANA,CERRADA TEMPORALMENTE,MONOLINGUE,MATUTINA,A DISTANCIA,QUICHɼ/td>
14-01-5098-46,14-001,QUICHE,SANTA CRUZ DEL QUICHE,ESCUELA NORMAL DE EDUCACION FISICA,1A. AVENIDA 12-408 ZONA 5,77551091,JOSE OSCAR TIPAZ VELASQUEZ,JUAN NICOLAS GARCIA CUTZ,DIVERSIFICADO,OFICIAL,URBANA,ABIERTA,MONOLINGUE,DOBLE,DIARIO(REGULAR),QUICHɼ/td>
14-01-5221-46,14-001,QUICHE,SANTA CRUZ DEL QUICHE,ESCUELA NORMAL BILINGUE INTERCULTURAL KICHE TIJOBAL UTUX MAYAB WINAQ OXLAJUJ TZ I,"CASERIO BUENA VISTA, XATINAP V",77563721,JOSE OSCAR TIPAZ VELASQUEZ,FRANCISCO TZOC MEJ́,DIVERSIFICADO,OFICIAL,URBANA,ABIERTA,BILINGUE,DOBLE,DIARIO(REGULAR),QUICHɼ/td>
14-01-5679-46,14-036,QUICHE,SANTA CRUZ DEL QUICHE,LICEO TECNOLOGICO DE OCCIDENTE LA PREPARATORIA,5AV. 0-38 ZONA 1,77563645,GONZALO VENTURA LUX,LEIVI MARIL͠MORALES GӍEZ,DIVERSIFICADO,PRIVADO,URBANA,ABIERTA,MONOLINGUE,VESPERTINA,DIARIO(REGULAR),QUICHɼ/td>
14-01-5718-46,14-036,QUICHE,SANTA CRUZ DEL QUICHE,COLEGIO EJECUTIVO PRE-UNIVERSITARIO EN COMPUTACION CLASSE,"8A. CALLE ""A"" 0-98, ZONA 6",77551133,GONZALO VENTURA LUX,ERVIN WALDEMAR VELSQUEZ BATEN,DIVERSIFICADO,PRIVADO,URBANA,ABIERTA,MONOLINGUE,DOBLE,FIN DE SEMANA,QUICHɼ/td>
14-01-5958-46,14-036,QUICHE,SANTA CRUZ DEL QUICHE,COLEGIO CIENTIFICO DR. EDUARDO SUGER,ALDEA EL CARMEN CHITATUL,55747445,GONZALO VENTURA LUX,CATALINA ANTONIETA IXCHOP MORALES,DIVERSIFICADO,PRIVADO,RURAL,ABIERTA,MONOLINGUE,VESPERTINA,DIARIO(REGULAR),QUICHɼ/td>
14-01-5998-46,14-036,QUICHE,SANTA CRUZ DEL QUICHE,COLEGIO PRIVADO 'LICEO MIXTO QUICHE',2A. AVENIDA 6-27 ZONA 5,77551705,GONZALO VENTURA LUX,PEM. SILVIA EMILIANA BARRIOS BARRIOS,DIVERSIFICADO,PRIVADO,URBANA,ABIERTA,MONOLINGUE,DOBLE,FIN DE SEMANA,QUICHɼ/td>
14-01-5999-46,14-036,QUICHE,SANTA CRUZ DEL QUICHE,COLEGIO PRIVADO 'LICEO MIXTO QUICHE',2A. AVENIDA 6-27 ZONA 5,77551705,GONZALO VENTURA LUX,PEM. SILVIA EMILIANA BARRIOS BARRIOS,DIVERSIFICADO,PRIVADO,URBANA,ABIERTA,MONOLINGUE,VESPERTINA,DIARIO(REGULAR),QUICHɼ/td>
14-01-6070-46,14-036,QUICHE,SANTA CRUZ DEL QUICHE,COLEGIO MULTIEDUCATIVO 'LA REFORMA',9A AVENIDA 0-53 ZONA 3,77563633,GONZALO VENTURA LUX,CARLOS ROBERTO ARRIAGA DEL VALLE,DIVERSIFICADO,PRIVADO,URBANA,ABIERTA,MONOLINGUE,VESPERTINA,DIARIO(REGULAR),QUICHɼ/td>
14-01-6071-46,14-036,QUICHE,SANTA CRUZ DEL QUICHE,COLEGIO MIXTO BILINGUE INTERCULTURAL Q IJ,11 CALLE 06-03 ZONA 1,77550476,GONZALO VENTURA LUX,FEDERICO HERNNDEZ ZAPETA,DIVERSIFICADO,PRIVADO,URBANA,ABIERTA,BILINGUE,VESPERTINA,DIARIO(REGULAR),QUICHɼ/td>
14-01-6083-46,14-036,QUICHE,SANTA CRUZ DEL QUICHE,COLEGIO MIXTO BILINGUE INTERCULTURAL 'Q'IJ',11 CALLE 06-03 ZONA 1,,GONZALO VENTURA LUX,,DIVERSIFICADO,PRIVADO,URBANA,CERRADA TEMPORALMENTE,BILINGUE,MATUTINA,DIARIO(REGULAR),QUICHɼ/td>
14-01-6123-46,14-001,QUICHE,SANTA CRUZ DEL QUICHE,INSTITUTO TECNICO DE NIVEL MEDIO,FINAL DE LA ZONA 4 COLONIA LOS CELAJES,46547266,JOSE OSCAR TIPAZ VELASQUEZ,MAŔ ODILIA RAM͒EZ VENTURA,DIVERSIFICADO,OFICIAL,URBANA,ABIERTA,MONOLINGUE,MATUTINA,DIARIO(REGULAR),QUICHɼ/td>
14-02-0027-46,14-003,QUICHE,CHICHE,"COLEGIO EVANGɌICO ""ADONAI""",CHICHɼ/td>,33587539,JUAN LEON PONCIO,FRANCISCO FɌIX PIXCAR SAQUIC,DIVERSIFICADO,PRIVADO,URBANA,ABIERTA,MONOLINGUE,VESPERTINA,DIARIO(REGULAR),QUICHɼ/td>
14-03-0027-46,14-004,QUICHE,CHINIQUE,INSTITUTO NACIONAL DE EDUCACION DIVERSIFICADA,ALDEA AGUA TIBIA,0,LILIAN SOFIA DE LEON NORIEGA DE MORALES,MIGUEL ALEXANDER ROJAS SENZ,DIVERSIFICADO,OFICIAL,RURAL,ABIERTA,MONOLINGUE,VESPERTINA,DIARIO(REGULAR),QUICHɼ/td>
14-03-0040-46,14-004,QUICHE,CHINIQUE,INSTITUTO NACIONAL DE EDUCACION DIVERSIFICADA,ALDEA AGUA TIBIA,49869579,LILIAN SOFIA DE LEON NORIEGA DE MORALES,MIGUEL LUCAS PACHECO OSORIO,DIVERSIFICADO,OFICIAL,RURAL,CERRADA TEMPORALMENTE,MONOLINGUE,DOBLE,DIARIO(REGULAR),QUICHɼ/td>
14-03-0043-46,14-037,QUICHE,CHINIQUE,CENTRO OFICIAL DE EDUCACIӎ EXTRAESCOLAR -COEEX-,"EOUM JV, BARRIO EL CALVARIO",46834305,ANGELINA LUX MENDOZA DE PUAC,OSCAR PACHECO LӐEZ,DIVERSIFICADO,OFICIAL,URBANA,ABIERTA,MONOLINGUE,DOBLE,A DISTANCIA,QUICHɼ/td>
14-04-0033-46,14-036,QUICHE,ZACUALPA,LICEO INTERCULTURAL ZACUALPA,4A. AVENIDA 3-43 ZONA 2,,GONZALO VENTURA LUX,MIGUEL ANGEL CORDOVA AREVALO,DIVERSIFICADO,PRIVADO,URBANA,CERRADA TEMPORALMENTE,MONOLINGUE,VESPERTINA,DIARIO(REGULAR),QUICHɼ/td>
14-04-0039-46,14-055,QUICHE,ZACUALPA,"CENTRO EDUCATIVO RI TINAMIT KUWALSAJ RIB, FE Y ALEGRIA NO. 11",2A. AVENIDA 05-05 ZONA 1,77366135,MAXIMILIANO GRAVE IMUL,JOSɠEDWIN JOJ TZOY,DIVERSIFICADO,PRIVADO,URBANA,ABIERTA,MONOLINGUE,VESPERTINA,DIARIO(REGULAR),QUICHɼ/td>
14-04-0050-46,14-004,QUICHE,ZACUALPA,LICEO INTERCULTURAL ZACUALPA,"4A. AVENIDA 3-43, ZONA 2",53668614,LILIAN SOFIA DE LEON NORIEGA DE MORALES,BYRON ESTUARDO SILVERIO ZAPETA REYNOZO,DIVERSIFICADO,PRIVADO,URBANA,CERRADA TEMPORALMENTE,MONOLINGUE,DOBLE,FIN DE SEMANA,QUICHɼ/td>
14-04-0058-46,14-037,QUICHE,ZACUALPA,CENTRO DE EDUCACIӎ EXTRAESCOLAR -CEEX-,2A. AVENIDA 2-10 ZONA 2,31940999,ANGELINA LUX MENDOZA DE PUAC,OLGA MARINA CHIVALN CHINGO,DIVERSIFICADO,OFICIAL,URBANA,ABIERTA,MONOLINGUE,DOBLE,FIN DE SEMANA,QUICHɼ/td>
14-05-0061-46,14-006,QUICHE,CHAJUL,COLEGIO EVANGELICO METODISTA FILADELFIA,CANTON ILOM,45826616,GASPAR VI CABA,ROMUALDO PERFECTO SANTIAGO RAM͒EZ,DIVERSIFICADO,PRIVADO,URBANA,ABIERTA,MONOLINGUE,VESPERTINA,DIARIO(REGULAR),QUICHɼ/td>
14-05-0066-46,14-036,QUICHE,CHAJUL,CENTRO EDUCATIVO MIXTO BILINGUE INTERCULTURAL KAJB AL NO J,ALDEA CHEL,49074250,GONZALO VENTURA LUX,ANGEL DOMINGO VASQUEZ GUZMAN,DIVERSIFICADO,PRIVADO,RURAL,CERRADA TEMPORALMENTE,MONOLINGUE,VESPERTINA,DIARIO(REGULAR),QUICHɼ/td>
14-05-0080-46,14-042,QUICHE,CHAJUL,INSTITUTO DIVERSIFICADO POR COOPERATIVA DE ENSEсNZA,CANTӎ VIPATN|/td>,32468657,MARTA CELIA VENTURA RAMIREZ,DOMINGO MENDOZA RIVERA,DIVERSIFICADO,COOPERATIVA,URBANA,ABIERTA,BILINGUE,MATUTINA,DIARIO(REGULAR),QUICHɼ/td>
14-05-0083-46,14-006,QUICHE,CHAJUL,INSTITUTO DIVERSIFICADO SOCIEDAD IXIL,CANTӎ CHAJUL,50072806,GASPAR VI CABA,MATEO NUNAL MɎDEZ,DIVERSIFICADO,PRIVADO,URBANA,ABIERTA,BILINGUE,MATUTINA,DIARIO(REGULAR),QUICHɼ/td>
14-05-0084-46,14-006,QUICHE,CHAJUL,INSTITUTO DIVERSIFICADO MIXTO BILING܅,CANTӎ VIPATN|/td>,51843372,GASPAR VI CABA,GASPAR ASICONA ANAY,DIVERSIFICADO,PRIVADO,URBANA,ABIERTA,MONOLINGUE,MATUTINA,DIARIO(REGULAR),QUICHɼ/td>
14-05-0091-46,14-037,QUICHE,CHAJUL,CENTRO DE EDUCACIӎ EXTRAESCOLAR -CEEX-,ALDEA ESTRELLA POLAR,55242726,ANGELINA LUX MENDOZA DE PUAC,NOɠMATEO DEL BARRIO CABA,DIVERSIFICADO,OFICIAL,RURAL,ABIERTA,BILINGUE,MATUTINA,DIARIO(REGULAR),QUICHɼ/td>
14-05-5455-46,14-006,QUICHE,CHAJUL,INSTITUTO DIVERSIFICADO SOCIEDAD IXIL,CANTON ILOM,45947232,GASPAR VI CABA,ROMUALDO PERFECTO SANTIAGO RAMIREZ,DIVERSIFICADO,PRIVADO,URBANA,ABIERTA,MONOLINGUE,DOBLE,DIARIO(REGULAR),QUICHɼ/td>
14-05-5456-46,14-006,QUICHE,CHAJUL,INSTITUTO DIVERSIFICADO MIXTO BILINGUE,CHAJUL,,GASPAR VI CABA,PEDRO CEDILLO MARCOS,DIVERSIFICADO,PRIVADO,URBANA,CERRADA TEMPORALMENTE,BILINGUE,MATUTINA,DIARIO(REGULAR),QUICHɼ/td>
14-06-0020-46,14-007,QUICHE,SANTO TOMAS CHICHICASTENANGO,INSTITUTO NACIONAL DE EDUCACION DIVERSIFICADA,"5A. AVENIDA ARCO GUCUMATZ 1-61, ZONA 1",42446716,CARLOS MANUEL TIRIQUIZ TOL,HELIA ROXANA TZOC CHINOL,DIVERSIFICADO,OFICIAL,URBANA,ABIERTA,MONOLINGUE,VESPERTINA,DIARIO(REGULAR),QUICHɼ/td>
14-06-0038-46,14-007,QUICHE,SANTO TOMAS CHICHICASTENANGO,CENTRO EDUCATIVO ANUNCIATA,CHICHICASTENANGO,30922841,CARLOS MANUEL TIRIQUIZ TOL,DIEGO AJANEL RAMOS,DIVERSIFICADO,PRIVADO,URBANA,ABIERTA,MONOLINGUE,MATUTINA,DIARIO(REGULAR),QUICHɼ/td>
14-06-0048-46,14-042,QUICHE,SANTO TOMAS CHICHICASTENANGO,INSTITUTO DIVERSIFICADO POR COOPERATIVA,CANTӎ CHICUA PRIMERO,53358214,MARTA CELIA VENTURA RAMIREZ,TOMASA CALGUA LUX,DIVERSIFICADO,COOPERATIVA,RURAL,ABIERTA,MONOLINGUE,VESPERTINA,DIARIO(REGULAR),QUICHɼ/td>
14-06-0049-46,14-042,QUICHE,SANTO TOMAS CHICHICASTENANGO,INSTITUTO DIVERSIFICADO POR COOPERATIVA,CANTӎ CHICUA PRIMERO,53358214,MARTA CELIA VENTURA RAMIREZ,TOMASA CALGUA LUX,DIVERSIFICADO,COOPERATIVA,RURAL,ABIERTA,BILINGUE,MATUTINA,DIARIO(REGULAR),QUICHɼ/td>
14-06-0060-46,14-042,QUICHE,SANTO TOMAS CHICHICASTENANGO,INSTITUTO DIVERSIFICADO DE EDUCACIӎ POR COOPERATIVA,CANTӎ CHUPOL,49487069,MARTA CELIA VENTURA RAMIREZ,MARITZA MARIBEL VENTURA SANTIAGO,DIVERSIFICADO,COOPERATIVA,RURAL,ABIERTA,MONOLINGUE,VESPERTINA,DIARIO(REGULAR),QUICHɼ/td>
14-06-0066-46,14-037,QUICHE,SANTO TOMAS CHICHICASTENANGO,CENTRO DE EDUCACIӎ EXTRAESCOLAR -CEEX-,10 CALLE 5-21 ZONA ڎICA,48745790,ANGELINA LUX MENDOZA DE PUAC,JORGE ROBERTO XILOJ LEӎ,DIVERSIFICADO,OFICIAL,URBANA,ABIERTA,MONOLINGUE,VESPERTINA,DIARIO(REGULAR),QUICHɼ/td>
14-06-0070-46,14-007,QUICHE,SANTO TOMAS CHICHICASTENANGO,CENTRO DE ESTUDIOS AVANZADOS NOJ -CEAN-,5A. AVENIDA FINAL SALIDA A SANTA CRUZ DEL QUICHɼ/td>,47328814,CARLOS MANUEL TIRIQUIZ TOL,OSCAR ARNOLDO GIRӎ SOTO,DIVERSIFICADO,PRIVADO,URBANA,ABIERTA,MONOLINGUE,DOBLE,DIARIO(REGULAR),QUICHɼ/td>
14-06-0071-46,14-007,QUICHE,SANTO TOMAS CHICHICASTENANGO,CENTRO DE ESTUDIOS AVANZADOS NOJ -CEAN-,5A. AVENIDA FINAL SALIDA A SANTA CRUZ DEL QUICHɼ/td>,47328814,CARLOS MANUEL TIRIQUIZ TOL,OSCAR ARNOLDO GIRӎ SOTO,DIVERSIFICADO,PRIVADO,URBANA,ABIERTA,MONOLINGUE,MATUTINA,DIARIO(REGULAR),QUICHɼ/td>
14-06-0072-46,14-037,QUICHE,SANTO TOMAS CHICHICASTENANGO,CENTRO OFICIAL DE EDUCACIӎ EXTRAESCOLAR -CEEX-,CANTӎ CHICU` SEGUNDO,45061361,ANGELINA LUX MENDOZA DE PUAC,JOSɠEDUARDO AJANEL VENTURA,DIVERSIFICADO,OFICIAL,RURAL,ABIERTA,BILINGUE,DOBLE,FIN DE SEMANA,QUICHɼ/td>
14-06-0073-46,14-037,QUICHE,SANTO TOMAS CHICHICASTENANGO,CENTRO OFICIAL DE EDUCACIӎ EXTRAESCOLAR -CEEX-,CANTӎ CHIJTINIMIT,44889148,ANGELINA LUX MENDOZA DE PUAC,DIEGO CHUMIL SENTɼ/td>,DIVERSIFICADO,OFICIAL,RURAL,ABIERTA,MONOLINGUE,VESPERTINA,DIARIO(REGULAR),QUICHɼ/td>
14-06-1079-46,14-007,QUICHE,SANTO TOMAS CHICHICASTENANGO,ESCUELA DE CIENCIAS COMERCIALES,LOTIFICACION VILLAS DE SANTO TOMAS,55155179,CARLOS MANUEL TIRIQUIZ TOL,VICTOR ROLANDO GARĆ DE LEӎ,DIVERSIFICADO,PRIVADO,URBANA,ABIERTA,MONOLINGUE,VESPERTINA,DIARIO(REGULAR),QUICHɼ/td>
14-06-3740-46,14-007,QUICHE,SANTO TOMAS CHICHICASTENANGO,INSTITUTO PRIVADO DE CIENCIAS SECRETARIALES,2A. CALLE 3-16 ZONA 1,51156813,CARLOS MANUEL TIRIQUIZ TOL,OSCAR ARNOLDO GIRӎ SOTO,DIVERSIFICADO,PRIVADO,URBANA,ABIERTA,MONOLINGUE,INTERMEDIA,DIARIO(REGULAR),QUICHɼ/td>
14-06-5093-46,14-007,QUICHE,SANTO TOMAS CHICHICASTENANGO,INSTITUTO TECNOLOGICO KICHE DE FORMACION Y PRODUCCION PARA EL DESARROLLO Y LA PAZ,5A. AV. ARCO GUCUMATZ 1-00,47729229,CARLOS MANUEL TIRIQUIZ TOL,OSMAN GABRIEL GARĆ GIRӎ,DIVERSIFICADO,PRIVADO,URBANA,ABIERTA,MONOLINGUE,DOBLE,DIARIO(REGULAR),QUICHɼ/td>
14-06-5701-46,14-007,QUICHE,SANTO TOMAS CHICHICASTENANGO,CENTRO DE ESTUDIOS AVANZADOS NOJ -CEAN-,5A. AVENIDA FINAL SALIDA A SANTA CRUZ DE QUICHɼ/td>,47328814,CARLOS MANUEL TIRIQUIZ TOL,BENITO CALEL VELSQUEZ,DIVERSIFICADO,PRIVADO,RURAL,ABIERTA,MONOLINGUE,DOBLE,FIN DE SEMANA,QUICHɼ/td>
14-06-5967-46,14-009,QUICHE,SANTO TOMAS CHICHICASTENANGO,INSTITUTO TECNOLOGICO CHUPOL,CANTON CHUPOL,46299260,ANA MARIA URIZAR CHAVEZ DE ROSALES,SEBASTIN LARES CALEL,DIVERSIFICADO,PRIVADO,RURAL,ABIERTA,MONOLINGUE,VESPERTINA,DIARIO(REGULAR),QUICHɼ/td>
14-07-0009-46,14-010,QUICHE,PATZITE,INSTITUTO NACIONAL DE EDUCACION DIVERSIFICADA,REA URBANA,51702948,JUAN QUINILLA US,AARӎ FELIPE GONZLEZ BARRIOS,DIVERSIFICADO,OFICIAL,URBANA,ABIERTA,MONOLINGUE,VESPERTINA,DIARIO(REGULAR),QUICHɼ/td>
14-08-0033-46,14-011,QUICHE,SAN ANTONIO ILOTENANGO,COLEGIO PRE-UNIVERSITARIO NUEVO MILENIO,"4TA. CALLE 2-119, ZONA 1",45770209,CLAUDIA CLEODOMIRA QUIяNEZ MENDEZ,JENNIFER CATALINA VILLATORO GIL,DIVERSIFICADO,PRIVADO,URBANA,ABIERTA,MONOLINGUE,VESPERTINA,DIARIO(REGULAR),QUICHɼ/td>
14-08-6084-46,14-011,QUICHE,SAN ANTONIO ILOTENANGO,INSTITUTO EDUCATIVO PARA EL DESARROLLO EMPRESARIAL Y SOCIAL IDES,CABECERA MUNICIPAL,51953732,CLAUDIA CLEODOMIRA QUIяNEZ MENDEZ,TIMOTEO LڃAS COR,DIVERSIFICADO,PRIVADO,URBANA,ABIERTA,BILINGUE,VESPERTINA,DIARIO(REGULAR),QUICHɼ/td>
14-09-0068-46,14-012,QUICHE,SAN PEDRO JOCOPILAS,"CENTRO EDUCATIVO MIXTO BILINGUE INTERCULTURAL UNO JB AL XOKOPILA , CEMBI","CANTON CENTRAL, SALIDA AL CANTON CHITUCUR I",47818873,LUIS FERNANDO GIL GONZALEZ,PEDRO JAVIER PELICӠTAMUP,DIVERSIFICADO,PRIVADO,RURAL,ABIERTA,BILINGUE,VESPERTINA,DIARIO(REGULAR),QUICHɼ/td>
14-09-0074-46,14-012,QUICHE,SAN PEDRO JOCOPILAS,COLEGIO MIXTO INTERCULTURAL BILING܅ SAN JOSɼ/td>,ALDEA SAN JOSɠEL TUNAL,59622513,LUIS FERNANDO GIL GONZALEZ,JESSICA HERMELINDA MɒIDA CLAUDIO,DIVERSIFICADO,PRIVADO,RURAL,ABIERTA,MONOLINGUE,VESPERTINA,DIARIO(REGULAR),QUICHɼ/td>
14-09-0091-46,14-037,QUICHE,SAN PEDRO JOCOPILAS,CENTRO OFICIAL DE EDUCACIӎ EXTRAESCOLAR -CEEX-,SAN PEDRO JOCOPILAS,55374274,ANGELINA LUX MENDOZA DE PUAC,RUDY CALIN GARĆ IXCOY,DIVERSIFICADO,OFICIAL,URBANA,ABIERTA,MONOLINGUE,DOBLE,FIN DE SEMANA,QUICHɼ/td>
14-10-0056-46,14-053,QUICHE,CUNEN,COLEGIO EVANGELICO MIXTO CHIUL-CEMC,ALDEA CHIUL,,JACINTO HERNANDEZ BOTON,CARLOS ALFREDO ESCOBAR RIVAS,DIVERSIFICADO,PRIVADO,RURAL,ABIERTA,BILINGUE,VESPERTINA,DIARIO(REGULAR),QUICHɼ/td>
14-10-0059-46,14-053,QUICHE,CUNEN,INSTITUTO NACIONAL DE EDUCACION DIVERSIFICADA,BARRIO SAN JUAN,,JACINTO HERNANDEZ BOTON,AGUSTIN PڠRODR͇UEZ,DIVERSIFICADO,OFICIAL,URBANA,ABIERTA,MONOLINGUE,VESPERTINA,DIARIO(REGULAR),QUICHɼ/td>
14-10-0077-46,14-013,QUICHE,CUNEN,"COLEGIO MIXTO BILING܅ INTERCULTURAL ""HERMANO OSCAR AZMITIA""",BARRRIO SAN FRANCISCO,31406438,TOMAS GARCIA PEREZ,MIGUEL ANGEL CAMAJ`CABRERA,DIVERSIFICADO,PRIVADO,URBANA,ABIERTA,BILINGUE,DOBLE,FIN DE SEMANA,QUICHɼ/td>
14-10-0078-46,14-013,QUICHE,CUNEN,"COLEGIO MIXTO BILING܅ INTERCULTURAL ""HERMANO OSCAR AZMITIA""",BARRRIO SAN FRANCISCO,31406438,TOMAS GARCIA PEREZ,MIGUEL ANGEL CAMAJ`CABRERA,DIVERSIFICADO,PRIVADO,URBANA,ABIERTA,BILINGUE,NOCTURNA,DIARIO(REGULAR),QUICHɼ/td>
14-10-0092-46,14-013,QUICHE,CUNEN,"COLEGIO MIXTO BILING܅ INTERCULTURAL"" HERMANO OSCAR AZMITIA",AREA URBANA,77555208,TOMAS GARCIA PEREZ,MIGUEL ANGEL CAMAJ`CABRERA,DIVERSIFICADO,PRIVADO,URBANA,CERRADA TEMPORALMENTE,BILINGUE,NOCTURNA,DIARIO(REGULAR),QUICHɼ/td>
14-10-0102-46,14-013,QUICHE,CUNEN,"COLEGIO MIXTO BILINGUE INTERCULTURAL ""HERMANO OSCAR AZMITIA""",BARRIO SAN FRANCISCO,77555208,TOMAS GARCIA PEREZ,MIGUEL ANGEL CAMAJ`CABRERA,DIVERSIFICADO,PRIVADO,URBANA,ABIERTA,BILINGUE,NOCTURNA,DIARIO(REGULAR),QUICHɼ/td>
14-10-0103-46,14-013,QUICHE,CUNEN,LICEO TECNOLӇICO PREUNIVERSITARIO CUNɎ,BARRIO SAN FRANCISCO,78800943,TOMAS GARCIA PEREZ,DOMINGO PɒEZ Y PɒEZ,DIVERSIFICADO,PRIVADO,URBANA,ABIERTA,MONOLINGUE,VESPERTINA,DIARIO(REGULAR),QUICHɼ/td>
14-10-4571-46,14-013,QUICHE,CUNEN,"COLEGIO MIXTO BILINGUE INTERCULTURAL ""HERMANO OSCAR AZMITIA""",BARRIO SAN FRANCISCO,58230024,TOMAS GARCIA PEREZ,MIGUEL ANGEL CAMAJ`CABRERA,DIVERSIFICADO,PRIVADO,URBANA,ABIERTA,BILINGUE,VESPERTINA,DIARIO(REGULAR),QUICHɼ/td>
14-11-0043-46,14-015,QUICHE,SAN JUAN COTZAL,COLEGIO TECNOLOGICO INTEGRAL IBOAC,CANTON TIXAXCAP,51287718,BAYRON ROLANDO VILLATORO NORIEGA,NICOLS DAVID RODR͇UEZ AVILES,DIVERSIFICADO,PRIVADO,URBANA,ABIERTA,MONOLINGUE,VESPERTINA,DIARIO(REGULAR),QUICHɼ/td>
14-11-0059-46,14-015,QUICHE,SAN JUAN COTZAL,"INSTITUTO MUNICIPAL DE EDUCACIӎ BSICA Y BACHILLERATO POR MADUREZ ""SAN JUAN""",CANTӎ VIACAAN,57259956,BAYRON ROLANDO VILLATORO NORIEGA,GASPAR MARROQU͎ RAMOS,DIVERSIFICADO,PRIVADO,URBANA,ABIERTA,MONOLINGUE,SIN JORNADA,SEMIPRESENCIAL (FIN DE SEMANA),QUICHɼ/td>
14-11-5000-46,14-042,QUICHE,SAN JUAN COTZAL,INSTITUTO NORMAL MIXTO DIVERSIFICADO POR COOPERATIVA,CANTON TUCORAL,31105132,MARTA CELIA VENTURA RAMIREZ,ALMA MORENA MART͎EZ GALDMEZ,DIVERSIFICADO,COOPERATIVA,URBANA,ABIERTA,MONOLINGUE,VESPERTINA,DIARIO(REGULAR),QUICHɼ/td>
14-12-0058-46,14-039,QUICHE,JOYABAJ,"COLEGIO EVANGELICO METODISTA ""BEREA""",LOTIFICACION LOS ROBLES,50484996,ANA ESTER URIZAR GIL DE VILLATORO,ARSENIA MARISOL JIMɎEZ HERRERA,DIVERSIFICADO,PRIVADO,URBANA,ABIERTA,MONOLINGUE,MATUTINA,DIARIO(REGULAR),QUICHɼ/td>
14-12-0059-46,14-039,QUICHE,JOYABAJ,INSTITUTO TECNOLOGICO DE ESTUDIOS AVANZADOS JOYABAJ,BARRIO LA DEMOCRACIA,42169753,ANA ESTER URIZAR GIL DE VILLATORO,EDGAR LEONEL CABRERA MɎDEZ,DIVERSIFICADO,PRIVADO,URBANA,ABIERTA,MONOLINGUE,VESPERTINA,DIARIO(REGULAR),QUICHɼ/td>
14-12-0083-46,14-048,QUICHE,JOYABAJ,INSTITUTO PRIVADO MIXTO JOYABAJ,BARRIO LA LIBERTAD,54828583,OSBERTO FILADELFO RUIZ URIZAR,EUBELIO AROLDO SOTO SANTOS,DIVERSIFICADO,PRIVADO,URBANA,CERRADA TEMPORALMENTE,MONOLINGUE,MATUTINA,DIARIO(REGULAR),QUICHɼ/td>
14-12-0106-46,14-042,QUICHE,JOYABAJ,INSTITUTO DIVERSIFICADO POR COOPERATIVA FLORENCIO CARRASCOZA,BARRIO LA LIBERTAD,30441452,MARTA CELIA VENTURA RAMIREZ,YOONG HRIM ESTRADA UR͚AR,DIVERSIFICADO,COOPERATIVA,URBANA,ABIERTA,BILINGUE,VESPERTINA,DIARIO(REGULAR),QUICHɼ/td>
14-12-0113-46,14-048,QUICHE,JOYABAJ,INSTITUTO NACIONAL DE EDUCACIӎ DIVERSIFICADA,CASER͏ LOS LLANOS,40498548,OSBERTO FILADELFO RUIZ URIZAR,LUCINDA AJANEL TOJ,DIVERSIFICADO,OFICIAL,RURAL,ABIERTA,MONOLINGUE,VESPERTINA,DIARIO(REGULAR),QUICHɼ/td>
14-12-0122-46,14-048,QUICHE,JOYABAJ,"LICEO PRIVADO ""SANTA MAŔ""",BARRIO LA LIBERTAD,59353501,OSBERTO FILADELFO RUIZ URIZAR,EUBELIO AROLDO SOTO SANTOS,DIVERSIFICADO,PRIVADO,URBANA,CERRADA TEMPORALMENTE,MONOLINGUE,DOBLE,FIN DE SEMANA,QUICHɼ/td>
14-12-0133-46,14-037,QUICHE,JOYABAJ,CENTRO DE EDUCACIӎ EXTRAESCOLAR -CEEX-,BARRIO LA LIBERTAD,57846833,ANGELINA LUX MENDOZA DE PUAC,KEVIN RONAL MEDRANO LAINES,DIVERSIFICADO,OFICIAL,URBANA,ABIERTA,MONOLINGUE,VESPERTINA,DIARIO(REGULAR),QUICHɼ/td>
14-12-0136-46,14-048,QUICHE,JOYABAJ,"LICEO PRIVADO ""SANTA MAŔ""",BARRIO LA LIBERTAD,54828583,OSBERTO FILADELFO RUIZ URIZAR,EUBELIO AROLDO SOTO SANTOS,DIVERSIFICADO,PRIVADO,URBANA,ABIERTA,MONOLINGUE,SIN JORNADA,SEMIPRESENCIAL (UN D́ A LA SEMANA),QUICHɼ/td>
14-12-0501-46,14-039,QUICHE,JOYABAJ,ESCUELA PARTICULAR MIXTA JOYABATECA DE CIENCIAS COMERCIALES,BARRIO CENTRAL,77559379,ANA ESTER URIZAR GIL DE VILLATORO,PEDRO JAIRO ELIZARDO GARĆ GUTIERREZ,DIVERSIFICADO,PRIVADO,URBANA,ABIERTA,MONOLINGUE,VESPERTINA,DIARIO(REGULAR),QUICHɼ/td>
14-12-1093-46,14-048,QUICHE,JOYABAJ,INSTITUTO PRIVADO MIXTO JOYABAJ,BARRIO LA LIBERTAD,59353501,OSBERTO FILADELFO RUIZ URIZAR,EUBELIO AROLDO SOTO SANTOS,DIVERSIFICADO,PRIVADO,URBANA,CERRADA TEMPORALMENTE,MONOLINGUE,VESPERTINA,DIARIO(REGULAR),QUICHɼ/td>
14-13-0001-46,14-049,QUICHE,NEBAJ,CENTRO DE ESTUDIOS AVANZADOS P & C,3A. AV. 10-30 ZONA 5,77560014,HUGO LEONEL BLANCO AGUILAR,ENRIQUE POL SAQUIC,DIVERSIFICADO,PRIVADO,URBANA,ABIERTA,MONOLINGUE,MATUTINA,DIARIO(REGULAR),QUICHɼ/td>
14-13-0068-46,14-049,QUICHE,NEBAJ,INSTITUTO NACIONAL DE EDUCACION DIVERSIFICADA,CANTON VICOTZ,49371982,HUGO LEONEL BLANCO AGUILAR,PEDRO TORIBIO VELASCO CETO,DIVERSIFICADO,OFICIAL,URBANA,ABIERTA,MONOLINGUE,VESPERTINA,DIARIO(REGULAR),QUICHɼ/td>
14-13-0095-46,14-019,QUICHE,NEBAJ,"COLEGIO PRIVADO MIXTO ""JESUS RUANO MORENO""",CANTON XOLACUL,30839684,FERNANDO PEDRO LOPEZ DE LEON,JESړ BRITO RAYMUNDO,DIVERSIFICADO,PRIVADO,URBANA,CERRADA TEMPORALMENTE,BILINGUE,VESPERTINA,DIARIO(REGULAR),QUICHɼ/td>
14-13-0100-46,14-020,QUICHE,NEBAJ,CENTRO DE EDUCACION MIXTO DE DIVERSIFICADO IXIL -CEMDI-,ALDEA SALQUIL GRANDE,46415714,FELIX GASPAR CEDILLO CETO,PEDRO RAYMUNDO CEDILLO,DIVERSIFICADO,PRIVADO,RURAL,ABIERTA,MONOLINGUE,VESPERTINA,DIARIO(REGULAR),QUICHɼ/td>
14-13-0114-46,14-019,QUICHE,NEBAJ,COLEGIO CRISTIANO NICOLS,CASER͏ VIKOLl ALDEA RIO AZUL,30355886,FERNANDO PEDRO LOPEZ DE LEON,PETRONILA ELIZABETH RAMOS,DIVERSIFICADO,PRIVADO,URBANA,ABIERTA,MONOLINGUE,MATUTINA,DIARIO(REGULAR),QUICHɼ/td>
14-13-0118-46,14-019,QUICHE,NEBAJ,"COLEGIO PRIVADO MIXTO ""JESړ RUANO MORENO""",CANTӎ XOLACUL,30839684,FERNANDO PEDRO LOPEZ DE LEON,JESړ BRITO RAYMUNDO,DIVERSIFICADO,PRIVADO,URBANA,CERRADA TEMPORALMENTE,MONOLINGUE,DOBLE,FIN DE SEMANA,QUICHɼ/td>
14-13-0120-46,14-049,QUICHE,NEBAJ,INSTITUTO NACIONAL DE EDUCACIӎ DIVERSIFICADA,CANTӎ VICOTZ,49371982,HUGO LEONEL BLANCO AGUILAR,JACINTA FEDERICA PɒEZ VELSCO,DIVERSIFICADO,OFICIAL,URBANA,ABIERTA,MONOLINGUE,DOBLE,DIARIO(REGULAR),QUICHɼ/td>
14-13-0121-46,14-019,QUICHE,NEBAJ,"ESCUELA MOVIMIENTO JUVENIL DE INTEGRACIӎ POPULAR ""MIJUVE"" POR COOPIXIL R.L.",CANTӎ XOLACUL,30787188,FERNANDO PEDRO LOPEZ DE LEON,DOMINGO SILVERIO RAYMUNDO RAYMUNDO,DIVERSIFICADO,PRIVADO,RURAL,ABIERTA,MONOLINGUE,MATUTINA,DIARIO(REGULAR),QUICHɼ/td>
14-13-0123-46,14-018,QUICHE,NEBAJ,"ESCUELA NORMAL BILINGUE INTERCULTURAL IXIL, CHUSBAL TU YOLBAL ITUXH MAM KUKUY, OXLAVAL TXII",CANTӎ XOLACUL ZONA 3,30839684,SANTOS REYES DE PAZ CRUZ,RUTILA CHVEZ CEDILLO,DIVERSIFICADO,OFICIAL,RURAL,ABIERTA,BILINGUE,DOBLE,DIARIO(REGULAR),QUICHɼ/td>
14-13-0124-46,14-049,QUICHE,NEBAJ,CENTRO DE ESTUDIOS INTEGRADOS TECNӌOGICO NEBAJ,CANTӎ BATZBAC|/td>,30049885,HUGO LEONEL BLANCO AGUILAR,DIEGO CHVEZ GUZARO,DIVERSIFICADO,PRIVADO,URBANA,ABIERTA,MONOLINGUE,DOBLE,DIARIO(REGULAR),QUICHɼ/td>
14-13-0125-46,14-037,QUICHE,NEBAJ,CENTRO OFICIAL DE EDUCACIӎ EXTRAESCOLAR -CEEX-,CANTӎ SIMOCOL,45621316,ANGELINA LUX MENDOZA DE PUAC,MIGUEL DANIEL COBO CETO,DIVERSIFICADO,OFICIAL,RURAL,ABIERTA,MONOLINGUE,DOBLE,FIN DE SEMANA,QUICHɼ/td>
14-13-0126-46,14-037,QUICHE,NEBAJ,CENTRO DE EDUCACIӎ EXTRAESCOLAR -CEEX-,MERCADO DE ARTESAŃS,40490042,ANGELINA LUX MENDOZA DE PUAC,VILMA RAM͒EZ RAYMUNDO,DIVERSIFICADO,OFICIAL,URBANA,ABIERTA,MONOLINGUE,DOBLE,FIN DE SEMANA,QUICHɼ/td>
14-13-0127-46,14-037,QUICHE,NEBAJ,CENTRO OFICIAL DE EDUCACIӎ EXTRAESCOLAR -COEEX-,CANTӎ SIMOCOL,45621316,ANGELINA LUX MENDOZA DE PUAC,MIGUEL DANIEL COBO CETO,DIVERSIFICADO,OFICIAL,RURAL,ABIERTA,MONOLINGUE,DOBLE,FIN DE SEMANA,QUICHɼ/td>
14-13-0135-46,14-020,QUICHE,NEBAJ,INSTITUTO MIXTO DIVERSIFICADO IXIL,CANTON SIMOCOL,77558103,FELIX GASPAR CEDILLO CETO,TOMS DE PAZ PɒEZ,DIVERSIFICADO,PRIVADO,URBANA,ABIERTA,MONOLINGUE,DOBLE,DIARIO(REGULAR),QUICHɼ/td>
14-13-0956-46,14-036,QUICHE,NEBAJ,INSTITUTO PRIVADO MIXTO DE EDUCACION DIVERSIFICADA 'JESUS RUANO MORENO',CANTON XOLACUL,77560020,GONZALO VENTURA LUX,,DIVERSIFICADO,PRIVADO,URBANA,CERRADA TEMPORALMENTE,MONOLINGUE,VESPERTINA,DIARIO(REGULAR),QUICHɼ/td>
14-13-1096-46,,QUICHE,NEBAJ,EORM,ALDEA XECOTZ,,,,DIVERSIFICADO,OFICIAL,RURAL,CERRADA TEMPORALMENTE,MONOLINGUE,MATUTINA,DIARIO(REGULAR),QUICHɼ/td>
14-13-4572-46,14-020,QUICHE,NEBAJ,INSTITUTO MIXTO DIVERSIFICADO IXIL,CANTON SIMOCOL,77558103,FELIX GASPAR CEDILLO CETO,TOMS DE PAZ PɒEZ,DIVERSIFICADO,PRIVADO,URBANA,ABIERTA,MONOLINGUE,VESPERTINA,DIARIO(REGULAR),QUICHɼ/td>
14-13-5279-46,14-019,QUICHE,NEBAJ,COLEGIO PRIVADO MIXTO MOLINA CASTILLO,CABECERA MUNICIPAL,50939694,FERNANDO PEDRO LOPEZ DE LEON,JULIO FABIN ABAC DE LEӎ,DIVERSIFICADO,PRIVADO,URBANA,ABIERTA,MONOLINGUE,MATUTINA,DIARIO(REGULAR),QUICHɼ/td>
14-13-5422-46,14-018,QUICHE,NEBAJ,"ESCUELA NORMAL BILINGUE INTERCULTURAL IXIL, CHUSBAL TU YOLBAL ITUXH MAM KUKUY, OXLAVAL TXII",CANTON XOLACUL ZONA 3,53068315,SANTOS REYES DE PAZ CRUZ,RUTILA CHVEZ CEDILLO,DIVERSIFICADO,OFICIAL,RURAL,ABIERTA,BILINGUE,MATUTINA,DIARIO(REGULAR),QUICHɼ/td>
14-13-5489-46,14-018,QUICHE,NEBAJ,COLEGIO EVANGELICO MIXTO BETHANIA,CANTON JACTZAL,51402302,SANTOS REYES DE PAZ CRUZ,JOSɠ SANTIAGO SOL͓,DIVERSIFICADO,PRIVADO,URBANA,CERRADA TEMPORALMENTE,MONOLINGUE,VESPERTINA,DIARIO(REGULAR),QUICHɼ/td>
14-13-5665-46,14-049,QUICHE,NEBAJ,CENTRO DE ESTUDIOS INTEGRADOS TECNOLOGICO NEBAJ,CABECERA MUNICIPAL,30049885,HUGO LEONEL BLANCO AGUILAR,DIEGO CHVEZ GUZARO,DIVERSIFICADO,PRIVADO,RURAL,ABIERTA,MONOLINGUE,VESPERTINA,DIARIO(REGULAR),QUICHɼ/td>
14-13-6090-46,14-036,QUICHE,NEBAJ,CENTRO DE ESTUDIOS AVANZADOS P&C,3A. AV. 10-30 ZONA 5,77560133,GONZALO VENTURA LUX,,DIVERSIFICADO,PRIVADO,URBANA,CERRADA TEMPORALMENTE,MONOLINGUE,INTERMEDIA,DIARIO(REGULAR),QUICHɼ/td>
14-14-0024-46,14-022,QUICHE,SAN ANDRES SAJCABAJA,INSTITUTO NACIONAL DE EDUCACION DIVERSIFICADA,1A. AVENIDA 1-29 ZONA 1,33390301,JULIAN MIS GARCIA,JOɌ HERNNDEZ AMPEREZ,DIVERSIFICADO,OFICIAL,URBANA,ABIERTA,MONOLINGUE,VESPERTINA,DIARIO(REGULAR),QUICHɼ/td>
14-14-0040-46,14-036,QUICHE,SAN ANDRES SAJCABAJA,INSTITUTO NORMAL MIXTO SAN ANDRES,1RA. AV. 2-27 ZONA 1,59712633,GONZALO VENTURA LUX,FLOR DE MARIA URIZAR SALAZAR,DIVERSIFICADO,PRIVADO,URBANA,ABIERTA,BILINGUE,MATUTINA,DIARIO(REGULAR),QUICHɼ/td>
14-14-0063-46,14-036,QUICHE,SAN ANDRES SAJCABAJA,"INSTITUTO NORMAL MIXTO ""SAN ANDRɓ""","1RA. AVENIDA 2-27, ZONA 1",59712633,GONZALO VENTURA LUX,FELIPE VILLATORO MENENDEZ,DIVERSIFICADO,PRIVADO,URBANA,ABIERTA,MONOLINGUE,DOBLE,FIN DE SEMANA,QUICHɼ/td>
14-14-0070-46,14-037,QUICHE,SAN ANDRES SAJCABAJA,CENTRO OFICIAL DE EDUCACIӎ EXTRAESCOLAR -COEEX-,8A. AV. 1-29 ZONA 1,32864363,ANGELINA LUX MENDOZA DE PUAC,ROSALINA HERNNDEZ AMPEREZ,DIVERSIFICADO,OFICIAL,URBANA,ABIERTA,MONOLINGUE,DOBLE,FIN DE SEMANA,QUICHɼ/td>
14-14-0083-46,14-022,QUICHE,SAN ANDRES SAJCABAJA,LICEO CRISTIANO GENERACIӎ CON PROPOSITO SANTO (GPS),7A. AVENIDA 2-24 ZONA 4,40378023,JULIAN MIS GARCIA,MAYRA GUDELIZ GALINDO MORALES,DIVERSIFICADO,PRIVADO,URBANA,ABIERTA,MONOLINGUE,VESPERTINA,DIARIO(REGULAR),QUICHɼ/td>
14-14-0085-46,14-022,QUICHE,SAN ANDRES SAJCABAJA,COLEGIO ITALIANO,1A. AVENIDA 3-10 ZONA 4,41594407,JULIAN MIS GARCIA,JUAN CARLOS CHACH VENTURA,DIVERSIFICADO,PRIVADO,URBANA,ABIERTA,MONOLINGUE,VESPERTINA,DIARIO(REGULAR),QUICHɼ/td>
14-14-5492-46,14-036,QUICHE,SAN ANDRES SAJCABAJA,INSTITUTO NORMAL MIXTO SAN ANDRES,1A. AV. 2-27 ZONA 1,59712633,GONZALO VENTURA LUX,FLOR DE MARIA URIZAR SALAZAR,DIVERSIFICADO,PRIVADO,URBANA,ABIERTA,MONOLINGUE,VESPERTINA,DIARIO(REGULAR),QUICHɼ/td>
14-15-0103-46,14-045,QUICHE,SAN MIGUEL USPANTAN,INSTITUTO NACIONAL DE EDUCACION DIVERSIFICADA,ALDEA SAQUIXPEC,49006911,CELESTINO COY MACZ,ANGEL TIPAZ JUAREZ,DIVERSIFICADO,OFICIAL,RURAL,ABIERTA,MONOLINGUE,VESPERTINA,DIARIO(REGULAR),QUICHɼ/td>
14-15-0104-46,14-045,QUICHE,SAN MIGUEL USPANTAN,INSTITUTO NACIONAL DE EDUCACION DIVERSIFICADA,ALDEA SAN ANTONIO LA NUEVA ESPERANZA,,CELESTINO COY MACZ,---,DIVERSIFICADO,OFICIAL,RURAL,CERRADA TEMPORALMENTE,MONOLINGUE,VESPERTINA,DIARIO(REGULAR),QUICHɼ/td>
14-15-0214-46,14-042,QUICHE,SAN MIGUEL USPANTAN,INSTITUTO MIXTO DE EDUCACION DIVERSIFICADA POR COOPERATIVA MARIO DEL VALLE,ALDEA LANCETILLO LA PARROQUIA,49006911,MARTA CELIA VENTURA RAMIREZ,ANGEL TIPAZ JUAREZ,DIVERSIFICADO,COOPERATIVA,RURAL,ABIERTA,BILINGUE,VESPERTINA,DIARIO(REGULAR),QUICHɼ/td>
14-15-0215-46,14-025,QUICHE,SAN MIGUEL USPANTAN,LICEO MIXTO SAN MIGUEL,SAN MIGUEL USPANTAN,45054092,FELIX AZAEL HERRERA DIAZ,JUAN VENTURA SOC,DIVERSIFICADO,PRIVADO,URBANA,ABIERTA,MONOLINGUE,DOBLE,FIN DE SEMANA,QUICHɼ/td>
14-15-0217-46,14-025,QUICHE,SAN MIGUEL USPANTAN,LICEO MIXTO SAN MIGUEL,SAN MIGUEL USPANTAN,79518102,FELIX AZAEL HERRERA DIAZ,JUAN VENTURA SOC,DIVERSIFICADO,PRIVADO,URBANA,ABIERTA,MONOLINGUE,DOBLE,FIN DE SEMANA,QUICHɼ/td>
14-15-0220-46,14-042,QUICHE,SAN MIGUEL USPANTAN,INSTITUTO MIXTO DE EDUCACIӎ DIVERSIFICADA POR COOPERATIVA DE ENSEсNZA,ALDEA SAN ANTONIO LA NUEVA ESPERANZA,38581200,MARTA CELIA VENTURA RAMIREZ,SEBASTIAN HERNNDEZ OXLAJ,DIVERSIFICADO,COOPERATIVA,RURAL,ABIERTA,MONOLINGUE,VESPERTINA,DIARIO(REGULAR),QUICHɼ/td>
14-15-0232-46,14-024,QUICHE,SAN MIGUEL USPANTAN,INSTITUTO MUNICIPAL DE MAGISTERIO BILING܅ INTERCULTURAL USPANTEKO,USPANTAN,30510281,MANUEL LOPEZ CHIVALAN,ELVIA MARLENI AVILA TELLO,DIVERSIFICADO,PRIVADO,URBANA,ABIERTA,MONOLINGUE,MATUTINA,DIARIO(REGULAR),QUICHɼ/td>
14-15-0235-46,14-024,QUICHE,SAN MIGUEL USPANTAN,"COLEGIO EVANGɌICO METODISTA ""MARANATHA""",4A. AVENIDA 7A. CALLE ZONA 1,79518432,MANUEL LOPEZ CHIVALAN,RONY GAMALIEL RODAS GARĆ,DIVERSIFICADO,PRIVADO,URBANA,ABIERTA,MONOLINGUE,VESPERTINA,DIARIO(REGULAR),QUICHɼ/td>
14-15-0249-46,14-024,QUICHE,SAN MIGUEL USPANTAN,"COLEGIO EVANGɌICO METODISTA ""MARANATHA""",7A. AVENIDA Y 4A. CALLE ZONA 1,79518432,MANUEL LOPEZ CHIVALAN,RONY GAMALIEL RODAS GARĆ,DIVERSIFICADO,PRIVADO,URBANA,ABIERTA,MONOLINGUE,VESPERTINA,DIARIO(REGULAR),QUICHɼ/td>
14-15-0250-46,14-045,QUICHE,SAN MIGUEL USPANTAN,CENTRO EDUCATIVO PRIVADO TALITA KUMI,ALDEA CAMPAMAC,79629100,CELESTINO COY MACZ,PABLO LOPEZ RAYMUNDO,DIVERSIFICADO,PRIVADO,RURAL,ABIERTA,MONOLINGUE,MATUTINA,DIARIO(REGULAR),QUICHɼ/td>
14-15-0251-46,14-045,QUICHE,SAN MIGUEL USPANTAN,CENTRO EDUCATIVO PRIVADO TALITA KUMI,ALDEA CAMPAMAC,79515610,CELESTINO COY MACZ,MARIO MAQUIM CHOC,DIVERSIFICADO,PRIVADO,RURAL,ABIERTA,MONOLINGUE,VESPERTINA,DIARIO(REGULAR),QUICHɼ/td>
14-15-0258-46,14-037,QUICHE,SAN MIGUEL USPANTAN,CENTRO OFICIAL DE EDUCACIӎ EXTRAESCOLAR -CEEX-,ALDEA SANTA ANA,49021207,ANGELINA LUX MENDOZA DE PUAC,EUCEBIO YAT Cڼ/td>,DIVERSIFICADO,OFICIAL,RURAL,ABIERTA,MONOLINGUE,VESPERTINA,DIARIO(REGULAR),QUICHɼ/td>
14-15-0259-46,14-037,QUICHE,SAN MIGUEL USPANTAN,CENTRO OFICIAL DE EDUCACIӎ EXTRAESCOLAR -CEEX-,"7A. AVENIDA 6-31, ZONA 3",57682161,ANGELINA LUX MENDOZA DE PUAC,JUANA US CONTRERAS,DIVERSIFICADO,OFICIAL,URBANA,ABIERTA,BILINGUE,DOBLE,FIN DE SEMANA,QUICHɼ/td>
14-15-0262-46,14-042,QUICHE,SAN MIGUEL USPANTAN,INSTITUTO DIVERSIFICADO POR COOPERATIVA DE ENSEсNZA,ALDEA EL PARAISO,59045941,MARTA CELIA VENTURA RAMIREZ,SABINO SEP COC,DIVERSIFICADO,COOPERATIVA,RURAL,ABIERTA,MONOLINGUE,VESPERTINA,DIARIO(REGULAR),QUICHɼ/td>
14-15-0264-46,14-025,QUICHE,SAN MIGUEL USPANTAN,"LICEO MIXTO ""SAN MIGUEL""",7A. CALLE-32 ZONA 1,79518102,FELIX AZAEL HERRERA DIAZ,JUAN VENTURA SOC,DIVERSIFICADO,PRIVADO,URBANA,ABIERTA,MONOLINGUE,SIN JORNADA,SEMIPRESENCIAL (UN D́ A LA SEMANA),QUICHɼ/td>
14-15-4573-46,14-023,QUICHE,SAN MIGUEL USPANTAN,INSTITUTO TECNICO MAYA EN RECURSOS NATURALES,BARRIO EL BORDITO,36575383,JOSɠOSWALDO VSQUEZ AJIATAZ,PATRICIA YOLANDA Tڍ HERNNDEZ,DIVERSIFICADO,PRIVADO,URBANA,ABIERTA,MONOLINGUE,DOBLE,DIARIO(REGULAR),QUICHɼ/td>
14-15-5319-46,14-024,QUICHE,SAN MIGUEL USPANTAN,COLEGIO EVANGELICO METODISTA MARANATHA,4A. AVENIDA Y 7A. CALLE ZONA 1,79518432,MANUEL LOPEZ CHIVALAN,RONY GAMALIEL RODAS GARĆ,DIVERSIFICADO,PRIVADO,URBANA,ABIERTA,MONOLINGUE,DOBLE,DIARIO(REGULAR),QUICHɼ/td>
14-15-5412-46,14-024,QUICHE,SAN MIGUEL USPANTAN,INSTITUTO MUNICIPAL DE MAGISTERIO BILINGUE INTERCULTURAL USPANTEKO,4A. AVENIDA 3-36 ZONA 2,77917069,MANUEL LOPEZ CHIVALAN,ELVIA MARLENI AVILA TELLO,DIVERSIFICADO,MUNICIPAL,URBANA,ABIERTA,BILINGUE,VESPERTINA,DIARIO(REGULAR),QUICHɼ/td>
14-15-6099-46,14-023,QUICHE,SAN MIGUEL USPANTAN,INSTITUTO TECNOLOGICO DE ESTUDIOS AVANZADOS USPANTAN,CABECERA MUNICIPAL,45054092,JOSɠOSWALDO VSQUEZ AJIATAZ,WALFRED GABRIEL GRANADOS RAMIREZ,DIVERSIFICADO,PRIVADO,URBANA,ABIERTA,MONOLINGUE,VESPERTINA,DIARIO(REGULAR),QUICHɼ/td>
14-16-0093-46,14-026,QUICHE,SACAPULAS,INSTITUTO MUNICIPAL DE SACAPULAS -IMSAC-,CASER͏ CHUPACAY,58808845,BYRON ESTUARDO SILVERIO ZAPETA REYNOZO,JOSɠ PɒEZ ALVARADO,DIVERSIFICADO,PRIVADO,URBANA,ABIERTA,MONOLINGUE,VESPERTINA,DIARIO(REGULAR),QUICHɼ/td>
14-16-0104-46,14-026,QUICHE,SACAPULAS,"COLEGIO MIXTO DIVERSIFICADO ""INTERCULTURAL""","ALDEA R͏ BLANCO, ZONA 3",42579519,BYRON ESTUARDO SILVERIO ZAPETA REYNOZO,FRANCISCO SALVADOR RAM͒EZ,DIVERSIFICADO,PRIVADO,RURAL,ABIERTA,MONOLINGUE,VESPERTINA,DIARIO(REGULAR),QUICHɼ/td>
14-16-0105-46,14-026,QUICHE,SACAPULAS,"COLEGIO MIXTO DIVERSIFICADO ""INTERCULTURAL""","ALDEA R͏ BLANCO, ZONA 3",42579519,BYRON ESTUARDO SILVERIO ZAPETA REYNOZO,FRANCISCO SALVADOR RAM͒EZ,DIVERSIFICADO,PRIVADO,RURAL,ABIERTA,MONOLINGUE,DOBLE,FIN DE SEMANA,QUICHɼ/td>
14-16-0107-46,14-026,QUICHE,SACAPULAS,INSTITUTO NACIONAL DE EDUCACIӎ DIVERSIFICADA,ALDEA R͏ BLANCO,59296362,BYRON ESTUARDO SILVERIO ZAPETA REYNOZO,JUAN LANCERIO RAMOS,DIVERSIFICADO,OFICIAL,RURAL,ABIERTA,MONOLINGUE,VESPERTINA,DIARIO(REGULAR),QUICHɼ/td>
14-16-5259-46,14-040,QUICHE,SACAPULAS,LICEO SACAPULAS,CASER͏ CHUPACAY,30166504,FERNANDO ROGELIO LOPEZ GALINDO,MAT́S HERIBERTO GӍEZ ULUN,DIVERSIFICADO,PRIVADO,URBANA,ABIERTA,BILINGUE,VESPERTINA,DIARIO(REGULAR),QUICHɼ/td>
14-16-5260-46,14-026,QUICHE,SACAPULAS,COLEGIO PRIVADO MIXTO BILINGUE TUJAAL,BARRIO SAN SEBASTIAN,40217500,BYRON ESTUARDO SILVERIO ZAPETA REYNOZO,DAVID EDUARDO GALINDO GӍEZ,DIVERSIFICADO,PRIVADO,URBANA,ABIERTA,MONOLINGUE,VESPERTINA,DIARIO(REGULAR),QUICHɼ/td>
14-17-0031-46,14-037,QUICHE,SAN BARTOLOME JOCOTENANGO,CENTRO OFICIAL DE EDUCACIӎ EXTRAESCOLAR -COEEX-,"INEB, SAN BARTOLOMɠJOCOTENANGO",46834305,ANGELINA LUX MENDOZA DE PUAC,OSCAR PACHECO LӐEZ,DIVERSIFICADO,OFICIAL,URBANA,ABIERTA,MONOLINGUE,DOBLE,A DISTANCIA,QUICHɼ/td>
14-18-0004-46,14-029,QUICHE,CANILLA,CENTRO EDUCATIVO PLURICULTURAL,4TA CALLE 3-25 ZONA 4,56299833,MARIA PETRONA TZUL ZACARIAS,YEISON RIGOBERTO ALONZO BLANCO,DIVERSIFICADO,PRIVADO,URBANA,ABIERTA,MONOLINGUE,VESPERTINA,DIARIO(REGULAR),QUICHɼ/td>
14-18-0032-46,14-029,QUICHE,CANILLA,"INSTITUTO PRIVADO DE EDUCACIӎ DIVERSIFICADO ""ADONAI""",CANILL|/td>,30318848,MARIA PETRONA TZUL ZACARIAS,EDGAR LEONEL SAMAYOA MORALES,DIVERSIFICADO,PRIVADO,URBANA,CERRADA TEMPORALMENTE,MONOLINGUE,MATUTINA,DIARIO(REGULAR),QUICHɼ/td>
14-18-0038-46,14-037,QUICHE,CANILLA,CENTRO DE EDUCACIӎ EXTRAESCOLAR -CEEX-,1A. AV. 5-31 ZONA 3,45680836,ANGELINA LUX MENDOZA DE PUAC,ELIEZER UZIAS RODRIGUEZ SICAL,DIVERSIFICADO,OFICIAL,URBANA,ABIERTA,MONOLINGUE,MATUTINA,DIARIO(REGULAR),QUICHɼ/td>
14-18-0041-46,14-037,QUICHE,CANILLA,CENTRO OFICIAL DE EDUCACIӎ EXTRAESCOLAR -COEEX-,1A. AV. 5-31 ZONA 3,45020812,ANGELINA LUX MENDOZA DE PUAC,DAVID EULALIO MORALES CRUZ,DIVERSIFICADO,OFICIAL,URBANA,ABIERTA,MONOLINGUE,DOBLE,FIN DE SEMANA,QUICHɼ/td>
14-18-5508-46,14-029,QUICHE,CANILLA,'INSTITUTO MUNICIPAL DE MAGISTERIO INTERCULTURAL',"1A. AVENIDA 5-31 ZONA 3, CANILLA",49870911,MARIA PETRONA TZUL ZACARIAS,NORMA LETICIA GRAVE ZAPETA,DIVERSIFICADO,MUNICIPAL,URBANA,ABIERTA,MONOLINGUE,VESPERTINA,DIARIO(REGULAR),QUICHɼ/td>
14-19-0055-46,14-050,QUICHE,CHICAMAN,INSTITUTO NACIONAL DE EDUCACION DIVERSIFICADA -INED-,"BARRIO SAN PEDRO BELEJU, ALDEA BELEJU",59919240,CARLOS LEM CAC,ALBERTO XOIM CAL,DIVERSIFICADO,OFICIAL,RURAL,ABIERTA,MONOLINGUE,VESPERTINA,DIARIO(REGULAR),QUICHɼ/td>
14-19-0079-46,14-030,QUICHE,CHICAMAN,INSTITUTO TECNOLӇICO MUNICIPAL DE CHICAMN,"4A. AVENIDA 1-62 ZONA 1, CHICHICAMN",45242098,JOSE ALBERTO HERNANDEZ GAMARRO,CECILIA ZADAH͠GAMARRO ALVARADO,DIVERSIFICADO,MUNICIPAL,URBANA,ABIERTA,MONOLINGUE,VESPERTINA,DIARIO(REGULAR),QUICHɼ/td>
14-19-0081-46,14-050,QUICHE,CHICAMAN,INSTITUTO MUNICIPAL DE EDUCACIӎ DIVERSIFICADA BELEJڼ/td>,"BARRIO SAN SEBASTIN, ALDEA BELEJڼ/td>",57512304,CARLOS LEM CAC,V̓TOR MANUEL JӍ SURM,DIVERSIFICADO,PRIVADO,RURAL,ABIERTA,MONOLINGUE,VESPERTINA,DIARIO(REGULAR),QUICHɼ/td>
14-19-0085-46,14-030,QUICHE,CHICAMAN,"""COLEGIO MIXTO CIENCIA Y DESARROLLO CHICAMN""",3A. CALLE 3-30 ZONA 2,58878991,JOSE ALBERTO HERNANDEZ GAMARRO,WILSON SOBERANIZ SOTO,DIVERSIFICADO,PRIVADO,URBANA,ABIERTA,MONOLINGUE,DOBLE,FIN DE SEMANA,QUICHɼ/td>
14-19-0089-46,14-050,QUICHE,CHICAMAN,"COLEGIO MULTILING܅ INTERCULTURAL TECNOLӇICO PAJUIL JUAN JOSɠARɖALO BERMEJO ""COMITEC-PAJUIL""",ALDEA PAJUIL,30305216,CARLOS LEM CAC,OSWALDO ICAL JOM,DIVERSIFICADO,PRIVADO,RURAL,ABIERTA,BILINGUE,VESPERTINA,DIARIO(REGULAR),QUICHɼ/td>
14-19-0097-46,14-037,QUICHE,CHICAMAN,CENTRO OFICIAL DE EDUCACIӎ EXTRAESCOLAR -COEEX-,4A. AV- 1-62 ZONA 1,57971407,ANGELINA LUX MENDOZA DE PUAC,ALEXANDER SOBERNIZ SOTO,DIVERSIFICADO,OFICIAL,URBANA,ABIERTA,MONOLINGUE,DOBLE,FIN DE SEMANA,QUICHɼ/td>
14-19-0099-46,14-030,QUICHE,CHICAMAN,COLEGIO MIXTO CIENCIA Y DESARROLLO CHICAMN,3A.CALLE 3-30 ZONA 2,58878991,JOSE ALBERTO HERNANDEZ GAMARRO,WILSON SOBERANIZ SOTO,DIVERSIFICADO,PRIVADO,URBANA,ABIERTA,MONOLINGUE,SIN JORNADA,SEMIPRESENCIAL (FIN DE SEMANA),QUICHɼ/td>
14-19-0101-46,14-042,QUICHE,CHICAMAN,"INSTITUTO DIVERSIFICADO DE ESTUDIOS AVANZADOS POR COOPERATIVA ""IDEACOP-PAJUIL""",ALDEA PAJUIL,30636051,MARTA CELIA VENTURA RAMIREZ,MARCO TULIO ICAL JӍ,DIVERSIFICADO,COOPERATIVA,RURAL,ABIERTA,BILINGUE,VESPERTINA,DIARIO(REGULAR),QUICHɼ/td>
14-19-0108-46,14-042,QUICHE,CHICAMAN,INSTITUTO DE EDUCACIӎ DIVERSIFICADA POR COOPERATIVA DE ENSEсNZA,"BARRIO SAN SEBASTIN, ALDEA BELEJڼ/td>",57512304,MARTA CELIA VENTURA RAMIREZ,V̓TOR MANUEL JӍ SURM,DIVERSIFICADO,COOPERATIVA,RURAL,ABIERTA,MONOLINGUE,VESPERTINA,DIARIO(REGULAR),QUICHɼ/td>
14-19-0112-46,14-030,QUICHE,CHICAMAN,"""COLEGIO MIXTO CIENCIA Y DESARROLLO CHICAMN""",3RA. CALLE 3-30 ZONA 2,57371407,JOSE ALBERTO HERNANDEZ GAMARRO,ALEXANDER SOBERNIZ SOTO,DIVERSIFICADO,PRIVADO,URBANA,ABIERTA,MONOLINGUE,MATUTINA,DIARIO(REGULAR),QUICHɼ/td>
14-19-0113-46,14-030,QUICHE,CHICAMAN,INSTITUTO NACIONAL DE EDUCACIӎ DIVERSIFICADA,5A. CALLE (SALIDA A OJO DE AGUA CARRIZAL),48805993,JOSE ALBERTO HERNANDEZ GAMARRO,VICTORIA MɎDEZ ALVAREZ,DIVERSIFICADO,OFICIAL,URBANA,ABIERTA,MONOLINGUE,MATUTINA,DIARIO(REGULAR),QUICHɼ/td>
14-19-5511-46,14-042,QUICHE,CHICAMAN,INSTITUTO NORMAL MIXTO DIVERSIFICADO POR COOPERATIVA,"3A. CALLE 3-30, ZONA 2",77633770,MARTA CELIA VENTURA RAMIREZ,YACLEN SEIRIN JUREZ GAMARRO,DIVERSIFICADO,COOPERATIVA,URBANA,ABIERTA,MONOLINGUE,VESPERTINA,DIARIO(REGULAR),QUICHɼ/td>
14-20-0124-46,14-054,QUICHE,IXCAN,INSTITUTO NORMAL MIXTO CIENCIA Y ARTE,ZONA 1 PLAYA GRANDE,58908465,JERONIMO COC JUAREZ,TEODORO RAM͒EZ VELSQUEZ,DIVERSIFICADO,PRIVADO,URBANA,ABIERTA,MONOLINGUE,VESPERTINA,DIARIO(REGULAR),QUICHɠNORTE
14-20-0130-46,14-033,QUICHE,IXCAN,CENTRO EDUCATIVO ASOCIACION DE MAESTRO DE EDUCACION RURAL DE GUATEMALA AMERG-IXCAN,"ZONA 1, PLAYA GRANDE",58747049,APOLONIO GONZALEZ,MAURICIO YAT LUC,DIVERSIFICADO,PRIVADO,URBANA,ABIERTA,BILINGUE,DOBLE,FIN DE SEMANA,QUICHɠNORTE
14-20-0134-46,14-034,QUICHE,IXCAN,INSTITUTO MIXTO DIVERSIFICADO POR COOPERATIVA WATAN,COMUNIDAD VICTORIA 20 DE ENERO,46973821,ANTONIO CALIXTO IXCOTAYAC LUX,FELIPE JESړ MORALES GONZLEZ,DIVERSIFICADO,COOPERATIVA,RURAL,ABIERTA,BILINGUE,VESPERTINA,DIARIO(REGULAR),QUICHɠNORTE
14-20-0135-46,14-054,QUICHE,IXCAN,COLEGIO PRE UNIVERSITARIO INTERCULTURAL -COTPI-,ALDEA LOS NGELES,48463453,JERONIMO COC JUAREZ,MAUDILIO HIGINIO PASCUAL FRANCISCO,DIVERSIFICADO,PRIVADO,RURAL,ABIERTA,MONOLINGUE,MATUTINA,DIARIO(REGULAR),QUICHɠNORTE
14-20-0140-46,14-054,QUICHE,IXCAN,INSTITUTO MIXTO DIVERSIFICADO POR COOPERATIVA DE ENSEсNZA,COMUNIDAD PRIMAVERA DEL IXCN,45660972,JERONIMO COC JUAREZ,BENITO DIEGO MATEO,DIVERSIFICADO,COOPERATIVA,RURAL,ABIERTA,MONOLINGUE,VESPERTINA,DIARIO(REGULAR),QUICHɠNORTE
14-20-0141-46,14-054,QUICHE,IXCAN,COLEGIO MIXTO OXLAJU B AQTUN,ALDEA SAN JUAN CHACTELA,57891607,JERONIMO COC JUAREZ,ANDRES QUIP CHAMN,DIVERSIFICADO,PRIVADO,RURAL,ABIERTA,BILINGUE,VESPERTINA,DIARIO(REGULAR),QUICHɠNORTE
14-20-0142-46,14-033,QUICHE,IXCAN,"INSTITUTO TɃNICO DIVERSIFICADO ASOCIATIVA ""AJ YICHKAN""","ZONA 1, PLAYA GRANDE",30340666,APOLONIO GONZALEZ,JORGE CHITAY MAQUIN,DIVERSIFICADO,PRIVADO,URBANA,ABIERTA,MONOLINGUE,DOBLE,DIARIO(REGULAR),QUICHɠNORTE
14-20-0143-46,14-054,QUICHE,IXCAN,LICEO TECNOLӇICO DOCTOR JUAN JOSɠARɖALO BERMEJO,2A. AV. Y 3A. CALLE ZONA 1,45638550,JERONIMO COC JUAREZ,NELSON ALFONSO CHOC SAM,DIVERSIFICADO,PRIVADO,URBANA,ABIERTA,MONOLINGUE,MATUTINA,DIARIO(REGULAR),QUICHɠNORTE
14-20-0145-46,14-034,QUICHE,IXCAN,COLEGIO DIVERSIFICADO MAYALAND,ALDEA MAYALN,40909816,ANTONIO CALIXTO IXCOTAYAC LUX,CAMILO RAMIREZ MATIAS,DIVERSIFICADO,PRIVADO,RURAL,ABIERTA,MONOLINGUE,VESPERTINA,DIARIO(REGULAR),QUICHɠNORTE
14-20-0147-46,14-054,QUICHE,IXCAN,ESCUELA NORMAL BILING܅ INTERCULTURAL MAYAB TIJOBAL OXLAJUJ TZʹ,PARCELAMIENTO XALBAL,48617091,JERONIMO COC JUAREZ,JOSɠANDRADE GABRIEL AGUILAR,DIVERSIFICADO,OFICIAL,RURAL,ABIERTA,BILINGUE,MATUTINA,DIARIO(REGULAR),QUICHɠNORTE
14-20-0148-46,14-032,QUICHE,IXCAN,COLEGIO MIXTO OXLAJUJ BAQTUN,ALDEA EL PRADO,57891607,LUCAS IQUI CAHUEC,ELSA HERLINDA ESQUIVEL VSQUEZ,DIVERSIFICADO,PRIVADO,RURAL,ABIERTA,BILINGUE,VESPERTINA,DIARIO(REGULAR),QUICHɠNORTE
14-20-0150-46,14-051,QUICHE,IXCAN,COLEGIO AMERICANO MAYA QUICHE,LOTE 08 COLONIA BUENA VISTA ENTRADA A SAN FRANCISCO,77557616,TOMS SNCHEZ GӍEZ,MAYLING PATRICIA PINEDA URIZAR,DIVERSIFICADO,PRIVADO,URBANA,ABIERTA,MONOLINGUE,DOBLE,FIN DE SEMANA,QUICHɠNORTE
14-20-0153-46,14-034,QUICHE,IXCAN,"COLEGIO EVANGɌICO MIXTO ""EL EDɎ""",ALDEA VALLE DE CANDELARIA NO. 1,59078151,ANTONIO CALIXTO IXCOTAYAC LUX,GUSTAVO ADOLFO GӍEZ TORRES,DIVERSIFICADO,PRIVADO,RURAL,ABIERTA,MONOLINGUE,VESPERTINA,DIARIO(REGULAR),QUICHɠNORTE
14-20-0154-46,14-033,QUICHE,IXCAN,"""LICEO TECNOLӇICO DOCTOR JUAN JOSɠARɖALO BERMEJO""","2A. AVENIDA Y 3RA. CALLE, ZONA 1",46613387,APOLONIO GONZALEZ,NELSON ALFONSO CHOC SAM,DIVERSIFICADO,PRIVADO,URBANA,CERRADA TEMPORALMENTE,MONOLINGUE,DOBLE,FIN DE SEMANA,QUICHɠNORTE
14-20-0156-46,14-054,QUICHE,IXCAN,INSTITUTO TɃNICO DIVERSIFICADO ASOCIATIVA AJ YICHKAN,ZONA 1 PLAYA GRANDE,30340666,JERONIMO COC JUAREZ,MARCOS GӍEZ PɒEZ,DIVERSIFICADO,PRIVADO,URBANA,ABIERTA,MONOLINGUE,VESPERTINA,DIARIO(REGULAR),QUICHɠNORTE
14-20-0158-46,14-034,QUICHE,IXCAN,COLEGIO MIXTO OXLAJU B'AQTUN,ALDEA CUARTO PUEBLO,57891607,ANTONIO CALIXTO IXCOTAYAC LUX,HERMEGILDO MAT́S BAUTISTA,DIVERSIFICADO,PRIVADO,RURAL,ABIERTA,BILINGUE,VESPERTINA,DIARIO(REGULAR),QUICHɠNORTE
14-20-0161-46,14-054,QUICHE,IXCAN,LICEO MIXTO DEL NORTE,ALDEA LAS ROSAS,30938392,JERONIMO COC JUAREZ,CARLOS GILBERTO DIEGO MALDONADO,DIVERSIFICADO,PRIVADO,RURAL,ABIERTA,MONOLINGUE,VESPERTINA,DIARIO(REGULAR),QUICHɠNORTE
14-20-0162-46,14-054,QUICHE,IXCAN,INSTITUTO DIVERSIFICADO MAYA PADRE GUILLERMO WOODS,PARCELAMIENTO PUEBLO NUEVO,30007257,JERONIMO COC JUAREZ,GERARDO MOISES PABLO PABLO,DIVERSIFICADO,PRIVADO,RURAL,ABIERTA,BILINGUE,MATUTINA,DIARIO(REGULAR),QUICHɠNORTE
14-20-0165-46,14-054,QUICHE,IXCAN,LICEO MIXTO DEL NORTE,"ZONA 1, PLAYA GRANDE IXCN",30938392,JERONIMO COC JUAREZ,JORGE ALBERTO QUIяNEZ SANTIZO,DIVERSIFICADO,PRIVADO,URBANA,ABIERTA,MONOLINGUE,VESPERTINA,DIARIO(REGULAR),QUICHɠNORTE
14-20-0167-46,14-054,QUICHE,IXCAN,"COLEGIO MIXTO DIVERSIFICADO ""EL AFN""","ALDEA EL AFN, IXCN, QUICHɼ/td>",57287433,JERONIMO COC JUAREZ,BERTA LUCRECIA TZUY IBARRA,DIVERSIFICADO,PRIVADO,RURAL,ABIERTA,MONOLINGUE,VESPERTINA,DIARIO(REGULAR),QUICHɠNORTE
14-20-0172-46,14-054,QUICHE,IXCAN,"COLEGIO MIXTO MESOAMERICANO ""SANTIAGUENSE""",ALDEA SANTIAGO IXCAN,49917240,JERONIMO COC JUAREZ,SANTOS EĹS CHAL͠SUBUYUC,DIVERSIFICADO,PRIVADO,RURAL,ABIERTA,BILINGUE,DOBLE,FIN DE SEMANA,QUICHɠNORTE
14-20-0174-46,14-054,QUICHE,IXCAN,LICEO MIXTO DEL NORTE FIN DE SEMANA,"5TA. CALLE, ZONA 1, PLAYA GRANDE",30938392,JERONIMO COC JUAREZ,JORGE ALBERTO QUIяNEZ SANTIZO,DIVERSIFICADO,PRIVADO,URBANA,ABIERTA,MONOLINGUE,DOBLE,FIN DE SEMANA,QUICHɠNORTE
14-20-0176-46,14-032,QUICHE,IXCAN,"PROGRAMA NACIONAL DE EDUCACIӎ ALTERNATIVA, PRONEA.",ESCUELA OFICIAL RURAL MIXTA ALDEA EL PRADO,30053859,LUCAS IQUI CAHUEC,BERNARDO ENRIQUES LAJUJ SICAL,DIVERSIFICADO,OFICIAL,RURAL,ABIERTA,MONOLINGUE,DOBLE,A DISTANCIA,QUICHɠNORTE
14-20-0178-46,14-054,QUICHE,IXCAN,LICEO TECNOLOGICO DOCTOR JUAN JOSE AREVALO BERMEJO,ZONA 1 PLAYA GRANDE 2A. AV. Y 3A. CALLE ZONA 1,46613387,JERONIMO COC JUAREZ,NELSON ALFONSO CHOC SAM,DIVERSIFICADO,PRIVADO,URBANA,ABIERTA,MONOLINGUE,SIN JORNADA,SEMIPRESENCIAL (FIN DE SEMANA),QUICHɠNORTE
14-20-0180-46,14-054,QUICHE,IXCAN,INSTITUTO NORMAL MIXTO CIENCIA Y ARTE,ZONA 1 PLAYA GRANDE,30223394,JERONIMO COC JUAREZ,TEODORO RAM͒EZ VELSQUEZ,DIVERSIFICADO,PRIVADO,URBANA,ABIERTA,BILINGUE,SIN JORNADA,SEMIPRESENCIAL (FIN DE SEMANA),QUICHɠNORTE
14-20-0181-46,14-054,QUICHE,IXCAN,"COLEGIO MIXTO ""JOSɠMAŔ""",ALDEA LAS ROSAS,58937744,JERONIMO COC JUAREZ,CARLOS GILBERTO DIEGO MALDONADO,DIVERSIFICADO,PRIVADO,RURAL,ABIERTA,MONOLINGUE,SIN JORNADA,SEMIPRESENCIAL (FIN DE SEMANA),QUICHɠNORTE
14-20-0182-46,14-054,QUICHE,IXCAN,LICEO MIXTO DEL NORTE,ZONA 1 PLAYA GRANDE,31087045,JERONIMO COC JUAREZ,JORGE ALBERTO QUIяNEZ SANTIZO,DIVERSIFICADO,PRIVADO,URBANA,ABIERTA,MONOLINGUE,SIN JORNADA,SEMIPRESENCIAL (FIN DE SEMANA),QUICHɠNORTE
14-20-0184-46,14-054,QUICHE,IXCAN,COLEGIO AMERICANO MAYA QUICHE,"LOTE 08 COLONIA BUENA VISTA, ENTRADA A SAN FRANCISCO",77557616,JERONIMO COC JUAREZ,MAYLING PATRICIA PINEDA URIZAR,DIVERSIFICADO,PRIVADO,URBANA,ABIERTA,MONOLINGUE,SIN JORNADA,SEMIPRESENCIAL (FIN DE SEMANA),QUICHɠNORTE
14-20-0186-46,14-054,QUICHE,IXCAN,COLEGIO MIXTO PREUNIVERSITARIO BILING܅ INTERCULTURAL,ZONA 1 PLAYA GRANDE,57891607,JERONIMO COC JUAREZ,MAURICIO YAT LUC,DIVERSIFICADO,PRIVADO,URBANA,ABIERTA,BILINGUE,SIN JORNADA,SEMIPRESENCIAL (UN D́ A LA SEMANA),QUICHɠNORTE
14-20-5058-46,14-036,QUICHE,IXCAN,COLEGIO AMERICANO MAYA QUICHE,PLAYA GRANDE IXCAN,52053380,GONZALO VENTURA LUX,---,DIVERSIFICADO,PRIVADO,URBANA,CERRADA TEMPORALMENTE,MONOLINGUE,MATUTINA,DIARIO(REGULAR),QUICHɠNORTE
14-20-5525-46,14-054,QUICHE,IXCAN,COLEGIO AMERICANO MAYA QUICHE,ZONA 1 PLAYA GRANDE,77557616,JERONIMO COC JUAREZ,MAYLING PATRICIA PINEDA URIZAR,DIVERSIFICADO,PRIVADO,URBANA,ABIERTA,MONOLINGUE,VESPERTINA,DIARIO(REGULAR),QUICHɠNORTE
14-20-5530-46,14-054,QUICHE,IXCAN,INSTITUTO DIVERSIFICADO MAYA PADRE GUILLERMO WOODS,PARCELAMIENTO PUEBLO NUEVO,30007257,JERONIMO COC JUAREZ,GERARDO MOISES PABLO PABLO,DIVERSIFICADO,PRIVADO,RURAL,ABIERTA,BILINGUE,MATUTINA,DIARIO(REGULAR),QUICHɠNORTE
14-20-5707-46,14-054,QUICHE,IXCAN,INSTITUTO NORMAL MIXTO CIENCIA Y ARTE,ZONA 1 PLAYA GRANDE,58908465,JERONIMO COC JUAREZ,TEODORO RAM͒EZ VELSQUEZ,DIVERSIFICADO,PRIVADO,URBANA,ABIERTA,BILINGUE,VESPERTINA,DIARIO(REGULAR),QUICHɠNORTE
14-20-5709-46,14-036,QUICHE,IXCAN,"INSTITUTO DE EDUCACION A DISTANCIA ""LA ESCUELA EN SU CASA""","3A. AVENIDA Y 3A. CALLE ZONA 1, EDIFICIO EL PEREGRINO",54606010,GONZALO VENTURA LUX,FRANCISCO SICAL SICAL,DIVERSIFICADO,PRIVADO,URBANA,ABIERTA,MONOLINGUE,DOBLE,FIN DE SEMANA,QUICHɠNORTE
14-20-5717-46,14-054,QUICHE,IXCAN,ENBI ESCUELA NORMAL BILINGUE INTERCULTURAL MAYAB TIJOB AL OXLAJUJ TZ I,PARCELAMIENTO XALBAL,,JERONIMO COC JUAREZ,JOSɠANDRADE GABRIEL AGUILAR,DIVERSIFICADO,OFICIAL,RURAL,ABIERTA,BILINGUE,DOBLE,DIARIO(REGULAR),QUICHɠNORTE
14-20-5813-46,14-054,QUICHE,IXCAN,INSTITUTO TECNICO DIVERSIFICADO ASOCIATIVA AJ YICHKAN,"ZONA 1 PLAYA GRANDE CENTRO DE CAPACITACIӎ MUNICIPAL, ZONA 1, PLAYA GRANDE, IXCAN.",30340666,JERONIMO COC JUAREZ,MARCOS PɒEZ GӍEZ,DIVERSIFICADO,PRIVADO,URBANA,ABIERTA,BILINGUE,DOBLE,DIARIO(REGULAR),QUICHɠNORTE
14-20-5872-46,14-054,QUICHE,IXCAN,LICEO AMERICANO MUNDO MAYA,ZONA 1 PLAYA GRANDE,77557616,JERONIMO COC JUAREZ,SILA MAGDALENA AC CHICOJ,DIVERSIFICADO,PRIVADO,URBANA,ABIERTA,MONOLINGUE,VESPERTINA,DIARIO(REGULAR),QUICHɠNORTE
14-20-5873-46,14-054,QUICHE,IXCAN,LICEO AMERICANO MUNDO MAYA,ZONA 1 PLAYA GRANDE,77557616,JERONIMO COC JUAREZ,SILA MAGDALENA AC CHICOJ,DIVERSIFICADO,PRIVADO,URBANA,ABIERTA,MONOLINGUE,DOBLE,FIN DE SEMANA,QUICHɠNORTE
14-20-5876-46,14-054,QUICHE,IXCAN,INSTITUTO PRIVADO MIXTO DE DIVERSIFICADO KAIBIL BALAM,PARCELAMIENTO KAIBIL BALAM,30046660,JERONIMO COC JUAREZ,MIGUEL PɒEZ LӐEZ,DIVERSIFICADO,PRIVADO,RURAL,ABIERTA,MONOLINGUE,VESPERTINA,DIARIO(REGULAR),QUICHɠNORTE
14-20-5881-46,14-054,QUICHE,IXCAN,INSTITUTO MIXTO DIVERSIFICADO POR COOPERATIVA DE ENSEсNZA,ZONA 1 PLAYA GRANDE,53681098,JERONIMO COC JUAREZ,HUGO ADALBERTO FERNANDEZ DELGADO,DIVERSIFICADO,COOPERATIVA,URBANA,ABIERTA,MONOLINGUE,MATUTINA,DIARIO(REGULAR),QUICHɠNORTE
14-20-5966-46,14-054,QUICHE,IXCAN,INSTITUTO NORMAL MIXTO CIENCIA Y ARTE,ZONA 1 PLAYA GRANDE,54158954,JERONIMO COC JUAREZ,TEODORO RAM͒EZ VELSQUEZ,DIVERSIFICADO,PRIVADO,URBANA,ABIERTA,MONOLINGUE,DOBLE,FIN DE SEMANA,QUICHɠNORTE
14-21-0006-46,14-042,QUICHE,PACHALUN,INSTITUTO MIXTO DIVERSIFICADO POR COOPERATIVA DE ENSEсNZA,CABECERA MUNICIPAL,56254999,MARTA CELIA VENTURA RAMIREZ,OLEVER UDIEL MOTA CANO,DIVERSIFICADO,COOPERATIVA,RURAL,ABIERTA,MONOLINGUE,VESPERTINA,DIARIO(REGULAR),QUICHɼ/td>
14-21-0023-46,14-035,QUICHE,PACHALUN,"""LICEO INTERCULTURAL PACHALUMENSE""","VALLE LINDA VISTA, SALIDA A MORITAS",40895934,ERIK ISRAEL GIRON JUAREZ,EZEQUIEL MONTUFAR ORREGO,DIVERSIFICADO,PRIVADO,URBANA,ABIERTA,MONOLINGUE,MATUTINA,DIARIO(REGULAR),QUICHɼ/td>
14-21-0024-46,14-035,QUICHE,PACHALUN,LICEO INTERCULTURAL PACHALUMENSE,"VALLE LINDA VISTA, SALIDA A MORITAS",57461136,ERIK ISRAEL GIRON JUAREZ,MARVIN JHONY SOTO HERRERA,DIVERSIFICADO,PRIVADO,RURAL,ABIERTA,MONOLINGUE,DOBLE,FIN DE SEMANA,QUICHɼ/td>
14-21-0025-46,14-035,QUICHE,PACHALUN,"""LICEO INTERCULTURAL PACHALUMENSE""","VALLE LINDA VISTA, SALIDA A MORITAS",57461136,ERIK ISRAEL GIRON JUAREZ,MARVIN JHONY SOTO HERRERA,DIVERSIFICADO,PRIVADO,URBANA,ABIERTA,MONOLINGUE,DOBLE,FIN DE SEMANA,QUICHɼ/td>
14-21-0026-46,14-035,QUICHE,PACHALUN,INSTITUTO TECNӌOGICO PACHALUM,ZONA 2,41450108,ERIK ISRAEL GIRON JUAREZ,JOSUE ESTRADA Y ESTRADA,DIVERSIFICADO,PRIVADO,URBANA,ABIERTA,MONOLINGUE,MATUTINA,DIARIO(REGULAR),QUICHɼ/td>
14-21-0030-46,14-035,QUICHE,PACHALUN,INSTITUTO MUNICIPAL DE EDUCACIӎ TECNOLӇICA PACHALUM -IMET-,CASER͏ EL AGUACATE ZONA 0,51321900,ERIK ISRAEL GIRON JUAREZ,FRANKLIN ESTUARDO VALDɚ SOTO,DIVERSIFICADO,PRIVADO,URBANA,ABIERTA,MONOLINGUE,DOBLE,DIARIO(REGULAR),QUICHɼ/td>
14-21-0031-46,14-035,QUICHE,PACHALUN,INSTITUTO MUNICIPAL DE EDUCACIӎ TECNOLӇICA PACHALUM -IMET-,CASER͏ EL AGUACATE ZONA 0,41450108,ERIK ISRAEL GIRON JUAREZ,JOSUɠ ESTRADA Y ESTRADA,DIVERSIFICADO,PRIVADO,URBANA,ABIERTA,MONOLINGUE,MATUTINA,DIARIO(REGULAR),QUICHɼ/td>
14-21-0032-46,14-035,QUICHE,PACHALUN,"COLEGIO BILING܅ DE COMPUTACIӎ PACHALUM DE LOS SANTOS ""CBC-PS""","VENIDA LOS LIRIOS, ZONA 3, LUGAR DENOMINADO ""POTRERO VIEJO""",42591034,ERIK ISRAEL GIRON JUAREZ,CRISTIAN FERNANDO VALDɚ SOTO,DIVERSIFICADO,PRIVADO,URBANA,ABIERTA,MONOLINGUE,VESPERTINA,DIARIO(REGULAR),QUICHɼ/td>
14-21-0036-46,14-035,QUICHE,PACHALUN,LICEO INTERCULTURAL PACHALUMENSE,"VALLE LINDA VISTA, SALIDA A MORITAS",57461136,ERIK ISRAEL GIRON JUAREZ,MARVIN JHONY SOTO HERRERA,DIVERSIFICADO,PRIVADO,URBANA,ABIERTA,MONOLINGUE,SIN JORNADA,SEMIPRESENCIAL (FIN DE SEMANA),QUICHɼ/td>
14-21-4702-46,14-036,QUICHE,PACHALUN,INSTITUTO MIXTO PRIVADO DE MAGISTERIO PRIMARIA BILINGUE,CABECERA MUNICIPAL,40895934,GONZALO VENTURA LUX,,DIVERSIFICADO,PRIVADO,RURAL,ABIERTA,BILINGUE,VESPERTINA,DIARIO(REGULAR),QUICHɼ/td>
14-21-5690-46,14-035,QUICHE,PACHALUN,INSTITUTO TECNOLOGICO DE PACHALUM,CASERIO EL AGUACATE,41450108,ERIK ISRAEL GIRON JUAREZ,,DIVERSIFICADO,PRIVADO,RURAL,ABIERTA,MONOLINGUE,DOBLE,DIARIO(REGULAR),QUICHɼ/td>
14-21-6000-46,14-035,QUICHE,PACHALUN,LICEO INTERCULTURAL PACHALUMENSE,AVENIDA LAS AMELIAS ZONA 4 CASA NO. C-01,57461136,ERIK ISRAEL GIRON JUAREZ,MARVIN JHONY SOTO HERRERA,DIVERSIFICADO,PRIVADO,URBANA,ABIERTA,MONOLINGUE,DOBLE,FIN DE SEMANA,QUICHɼ/td>
14-21-6029-46,14-035,QUICHE,PACHALUN,LICEO INTERCULTURAL PACHALUMENSE,CABECERA MUNICIPAL,57461136,ERIK ISRAEL GIRON JUAREZ,MARVIN JHONY SOTO HERRERA,DIVERSIFICADO,PRIVADO,URBANA,ABIERTA,MONOLINGUE,VESPERTINA,DIARIO(REGULAR),QUICHɼ/td>
,,,,,,,,,,,,,,,,
244 Establecimientos encontrados ,,,,,,,,,,,,,,,,
alert('Ocurri󠵮 error!\n Thread was being aborted.'),,,,,,,,,,,,,,,,